-10 2 10000 0.1426
-9.95 2 10000 0.1452
-9.9 2 10000 0.1419
-9.85 2 10000 0.1446
-9.8 2 10000 0.1403
-9.75 2 10000 0.1383
-9.7 2 10000 0.1393
-9.65 2 10000 0.1416
-9.6 2 10000 0.134
-9.55 2 10000 0.1362
-9.5 2 10000 0.1278
-9.45 2 10000 0.1357
-9.4 2 10000 0.1274
-9.35 2 10000 0.1338
-9.3 2 10000 0.1296
-9.25 2 10000 0.1287
-9.2 2 10000 0.1294
-9.15 2 10000 0.1239
-9.1 2 10000 0.1226
-9.05 2 10000 0.1236
-9 2 10000 0.1221
-8.95 2 10000 0.124
-8.9 2 10000 0.1272
-8.85 2 10000 0.1231
-8.8 2 10000 0.1171
-8.75 2 10000 0.132
-8.7 2 10000 0.1229
-8.65 2 10000 0.1177
-8.6 2 10000 0.1204
-8.55 2 10000 0.1188
-8.5 2 10000 0.1229
-8.45 2 10000 0.1156
-8.4 2 10000 0.1168
-8.35 2 10000 0.1183
-8.3 2 10000 0.1148
-8.25 2 10000 0.1137
-8.2 2 10000 0.111
-8.15 2 10000 0.1143
-8.1 2 10000 0.1063
-8.05 2 10000 0.1133
-8 2 10000 0.1002
-7.95 2 10000 0.1156
-7.9 2 10000 0.1113
-7.85 2 10000 0.1016
-7.8 2 10000 0.1103
-7.75 2 10000 0.1055
-7.7 2 10000 0.1091
-7.65 2 10000 0.1024
-7.6 2 10000 0.106
-7.55 2 10000 0.103
-7.5 2 10000 0.102
-7.45 2 10000 0.1005
-7.4 2 10000 0.0994
-7.35 2 10000 0.0991
-7.3 2 10000 0.1028
-7.25 2 10000 0.0946
-7.2 2 10000 0.0975
-7.15 2 10000 0.0982
-7.1 2 10000 0.0926
-7.05 2 10000 0.0894
-7 2 10000 0.0964
-6.95 2 10000 0.091
-6.9 2 10000 0.0917
-6.85 2 10000 0.0935
-6.8 2 10000 0.0931
-6.75 2 10000 0.0923
-6.7 2 10000 0.0924
-6.65 2 10000 0.0917
-6.6 2 10000 0.0874
-6.55 2 10000 0.0924
-6.5 2 10000 0.0885
-6.45 2 10000 0.0863
-6.4 2 10000 0.0918
-6.35 2 10000 0.088
-6.3 2 10000 0.0871
-6.25 2 10000 0.0846
-6.2 2 10000 0.0847
-6.15 2 10000 0.0872
-6.1 2 10000 0.082
-6.05 2 10000 0.0845
-6 2 10000 0.0788
-5.95 2 10000 0.0805
-5.9 2 10000 0.0803
-5.85 2 10000 0.0769
-5.8 2 10000 0.0785
-5.75 2 10000 0.0841
-5.7 2 10000 0.0794
-5.65 2 10000 0.0746
-5.6 2 10000 0.0739
-5.55 2 10000 0.0808
-5.5 2 10000 0.0724
-5.45 2 10000 0.078
-5.4 2 10000 0.0792
-5.35 2 10000 0.0708
-5.3 2 10000 0.0707
-5.25 2 10000 0.0707
-5.2 2 10000 0.0713
-5.15 2 10000 0.0718
-5.1 2 10000 0.0725
-5.05 2 10000 0.0703
-5 2 10000 0.0693
-4.95 2 10000 0.0709
-4.9 2 10000 0.0643
-4.85 2 10000 0.0666
-4.8 2 10000 0.0668
-4.75 2 10000 0.0631
-4.7 2 10000 0.0649
-4.65 2 10000 0.0647
-4.6 2 10000 0.0607
-4.55 2 10000 0.0616
-4.5 2 10000 0.0574
-4.45 2 10000 0.061
-4.4 2 10000 0.0644
-4.35 2 10000 0.0615
-4.3 2 10000 0.0599
-4.25 2 10000 0.0634
-4.2 2 10000 0.0565
-4.15 2 10000 0.058
-4.1 2 10000 0.0577
-4.05 2 10000 0.058
-4 2 10000 0.0552
-3.95 2 10000 0.0572
-3.9 2 10000 0.0558
-3.85 2 10000 0.0563
-3.8 2 10000 0.0557
-3.75 2 10000 0.0524
-3.7 2 10000 0.0524
-3.65 2 10000 0.0548
-3.6 2 10000 0.0495
-3.55 2 10000 0.0562
-3.5 2 10000 0.0496
-3.45 2 10000 0.0517
-3.4 2 10000 0.0524
-3.35 2 10000 0.051
-3.3 2 10000 0.0519
-3.25 2 10000 0.0464
-3.2 2 10000 0.0493
-3.15 2 10000 0.0508
-3.1 2 10000 0.0543
-3.05 2 10000 0.0446
-3 2 10000 0.0445
-2.95 2 10000 0.0487
-2.9 2 10000 0.0457
-2.85 2 10000 0.0457
-2.8 2 10000 0.0443
-2.75 2 10000 0.0428
-2.7 2 10000 0.0464
-2.65 2 10000 0.0407
-2.6 2 10000 0.0418
-2.55 2 10000 0.0423
-2.5 2 10000 0.0412
-2.45 2 10000 0.0401
-2.4 2 10000 0.0402
-2.35 2 10000 0.0432
-2.3 2 10000 0.0382
-2.25 2 10000 0.0388
-2.2 2 10000 0.0402
-2.15 2 10000 0.0403
-2.1 2 10000 0.0399
-2.05 2 10000 0.0381
-2 2 10000 0.0371
-1.95 2 10000 0.0389
-1.9 2 10000 0.0338
-1.85 2 10000 0.036
-1.8 2 10000 0.0346
-1.75 2 10000 0.0372
-1.7 2 10000 0.035
-1.65 2 10000 0.036
-1.6 2 10000 0.0386
-1.55 2 10000 0.0341
-1.5 2 10000 0.0334
-1.45 2 10000 0.0339
-1.4 2 10000 0.0314
-1.35 2 10000 0.0306
-1.3 2 10000 0.0288
-1.25 2 10000 0.0306
-1.2 2 10000 0.033
-1.15 2 10000 0.0265
-1.1 2 10000 0.0324
-1.05 2 10000 0.0297
-1 2 10000 0.0297
-0.95 2 10000 0.0308
-0.9 2 10000 0.0291
-0.85 2 10000 0.0273
-0.8 2 10000 0.0282
-0.75 2 10000 0.0308
-0.7 2 10000 0.0289
-0.65 2 10000 0.0273
-0.6 2 10000 0.0267
-0.55 2 10000 0.0233
-0.5 2 10000 0.0254
-0.45 2 10000 0.0245
-0.4 2 10000 0.0262
-0.35 2 10000 0.0263
-0.3 2 10000 0.0242
-0.25 2 10000 0.0259
-0.2 2 10000 0.0251
-0.15 2 10000 0.0237
-0.1 2 10000 0.0233
-0.05 2 10000 0.0264
0 2 10000 0.0228
0.05 2 10000 0.0218
0.1 2 10000 0.0251
0.15 2 10000 0.0214
0.2 2 10000 0.0232
0.25 2 10000 0.0192
0.3 2 10000 0.0208
0.35 2 10000 0.0227
0.4 2 10000 0.0202
0.45 2 10000 0.0195
0.5 2 10000 0.0183
0.55 2 10000 0.0193
0.6 2 10000 0.02
0.65 2 10000 0.0197
0.7 2 10000 0.0189
0.75 2 10000 0.0199
0.8 2 10000 0.018
0.85 2 10000 0.0169
0.9 2 10000 0.0188
0.95 2 10000 0.0178
1 2 10000 0.0178
1.05 2 10000 0.0154
1.1 2 10000 0.0156
1.15 2 10000 0.0154
1.2 2 10000 0.0183
1.25 2 10000 0.0164
1.3 2 10000 0.0169
1.35 2 10000 0.0148
1.4 2 10000 0.0158
1.45 2 10000 0.0161
1.5 2 10000 0.0139
1.55 2 10000 0.0168
1.6 2 10000 0.0132
1.65 2 10000 0.0116
1.7 2 10000 0.0144
1.75 2 10000 0.0138
1.8 2 10000 0.0144
1.85 2 10000 0.0124
1.9 2 10000 0.0151
1.95 2 10000 0.0132
2 2 10000 0.0133
2.05 2 10000 0.0123
2.1 2 10000 0.0105
2.15 2 10000 0.0112
2.2 2 10000 0.0103
2.25 2 10000 0.0114
2.3 2 10000 0.0106
2.35 2 10000 0.0122
2.4 2 10000 0.012
2.45 2 10000 0.0097
2.5 2 10000 0.0128
2.55 2 10000 0.0099
2.6 2 10000 0.0102
2.65 2 10000 0.0117
2.7 2 10000 0.009
2.75 2 10000 0.0097
2.8 2 10000 0.0093
2.85 2 10000 0.0078
2.9 2 10000 0.01
2.95 2 10000 0.0088
3 2 10000 0.0074
3.05 2 10000 0.0074
3.1 2 10000 0.0086
3.15 2 10000 0.0071
3.2 2 10000 0.0077
3.25 2 10000 0.0069
3.3 2 10000 0.0082
3.35 2 10000 0.0081
3.4 2 10000 0.0066
3.45 2 10000 0.0085
3.5 2 10000 0.0063
3.55 2 10000 0.0074
3.6 2 10000 0.0079
3.65 2 10000 0.0052
3.7 2 10000 0.0063
3.75 2 10000 0.0072
3.8 2 10000 0.0065
3.85 2 10000 0.0066
3.9 2 10000 0.0062
3.95 2 10000 0.0049
4 2 10000 0.0063
4.05 2 10000 0.0055
4.1 2 10000 0.0061
4.15 2 10000 0.0043
4.2 2 10000 0.0053
4.25 2 10000 0.0048
4.3 2 10000 0.0054
4.35 2 10000 0.004
4.4 2 10000 0.0061
4.45 2 10000 0.005
4.5 2 10000 0.0061
4.55 2 10000 0.0031
4.6 2 10000 0.0044
4.65 2 10000 0.004
4.7 2 10000 0.0042
4.75 2 10000 0.0039
4.8 2 10000 0.0041
4.85 2 10000 0.004
4.9 2 10000 0.0048
4.95 2 10000 0.0043
5 2 10000 0.004
5.05 2 10000 0.0024
5.1 2 10000 0.0042
5.15 2 10000 0.0023
5.2 2 10000 0.0041
5.25 2 10000 0.0031
5.3 2 10000 0.0042
5.35 2 10000 0.0028
5.4 2 10000 0.0046
5.45 2 10000 0.0032
5.5 2 10000 0.0033
5.55 2 10000 0.0025
5.6 2 10000 0.0027
5.65 2 10000 0.002
5.7 2 10000 0.0024
5.75 2 10000 0.0027
5.8 2 10000 0.0026
5.85 2 10000 0.0023
5.9 2 10000 0.0026
5.95 2 10000 0.003
6 2 10000 0.0022
6.05 2 10000 0.0027
6.1 2 10000 0.0035
6.15 2 10000 0.002
6.2 2 10000 0.0021
6.25 2 10000 0.0024
6.3 2 10000 0.0024
6.35 2 10000 0.0021
6.4 2 10000 0.0019
6.45 2 10000 0.0014
6.5 2 10000 0.0017
6.55 2 10000 0.0012
6.6 2 10000 0.0013
6.65 2 10000 0.0015
6.7 2 10000 0.0013
6.75 2 10000 0.0017
6.8 2 10000 0.0015
6.85 2 10000 0.002
6.9 2 10000 0.0015
6.95 2 10000 0.0021
7 2 10000 0.0013
7.05 2 10000 0.0015
7.1 2 10000 0.0009
7.15 2 10000 0.0019
7.2 2 10000 0.0013
7.25 2 10000 0.0018
7.3 2 10000 0.0013
7.35 2 10000 0.002
7.4 2 10000 0.0008
7.45 2 10000 0.0014
7.5 2 10000 0.0008
7.55 2 10000 0.0005
7.6 2 10000 0.0011
7.65 2 10000 0.0013
7.7 2 10000 0.0005
7.75 2 10000 0.0011
7.8 2 10000 0.001
7.85 2 10000 0.0013
7.9 2 10000 0.0009
7.95 2 10000 0.0007
8 2 10000 0.0006
8.05 2 10000 0.0008
8.1 2 10000 0.0007
8.15 2 10000 0.0005
8.2 2 10000 0.0006
8.25 2 10000 0.0007
8.3 2 10000 0.0012
8.35 2 10000 0.0005
8.4 2 10000 0.0006
8.45 2 10000 0.0009
8.5 2 10000 0.0008
8.55 2 10000 0.0005
8.6 2 10000 0.0005
8.65 2 10000 0.0007
8.7 2 10000 0.0002
8.75 2 10000 0.0007
8.8 2 10000 0.0005
8.85 2 10000 0.0004
8.9 2 10000 0.0003
8.95 2 10000 0.0008
9 2 10000 0.0004
9.05 2 10000 0.0002
9.1 2 10000 0.0005
9.15 2 10000 0.0004
9.2 2 10000 0.0003
9.25 2 10000 0.0007
9.3 2 10000 0.0002
9.35 2 10000 0.0002
9.4 2 10000 0.0001
9.45 2 10000 0.0003
9.5 2 10000 0.0003
9.55 2 10000 0.0004
9.6 2 10000 0
9.65 2 10000 0.0003
9.7 2 10000 0.0002
9.75 2 10000 0.0004
9.8 2 10000 0.0006
9.85 2 10000 0.0003
9.9 2 10000 0.0004
9.95 2 10000 0.0003
10 2 10000 0.0001
10.05 2 10000 0.0002
10.1 2 10000 0.0002
10.15 2 10000 0.0001
10.2 2 10000 0.0001
10.25 2 10000 0.0001
10.3 2 10000 0
10.35 2 10000 0.0001
10.4 2 10000 0
10.45 2 10000 0
10.5 2 10000 0.0001
10.55 2 10000 0.0001
10.6 2 10000 0.0003
10.65 2 10000 0.0003
10.7 2 10000 0
10.75 2 10000 0
10.8 2 10000 0.0001
10.85 2 10000 0.0001
10.9 2 10000 0
10.95 2 10000 0
11 2 10000 0.0002
11.05 2 10000 0.0001
11.1 2 10000 0.0002
11.15 2 10000 0
11.2 2 10000 0.0001
11.25 2 10000 0.0001
11.3 2 10000 0.0001
11.35 2 10000 0.0001
11.4 2 10000 0.0002
11.45 2 10000 0
11.5 2 10000 0
11.55 2 10000 0
11.6 2 10000 0.0001
11.65 2 10000 0
11.7 2 10000 0
11.75 2 10000 0
11.8 2 10000 0
11.85 2 10000 0.0001
11.9 2 10000 0.0001
11.95 2 10000 0.0001
12 2 10000 0.0001
12.05 2 10000 0
12.1 2 10000 0
12.15 2 10000 0
12.2 2 10000 0
12.25 2 10000 0.0002
12.3 2 10000 0
12.35 2 10000 0
12.4 2 10000 0.0001
12.45 2 10000 0
12.5 2 10000 0
12.55 2 10000 0.0001
12.6 2 10000 0
12.65 2 10000 0
12.7 2 10000 0.0001
12.75 2 10000 0
12.8 2 10000 0
12.85 2 10000 0
12.9 2 10000 0
12.95 2 10000 0
13 2 10000 0
13.05 2 10000 0
13.1 2 10000 0
13.15 2 10000 0
13.2 2 10000 0
13.25 2 10000 0
13.3 2 10000 0
13.35 2 10000 0
13.4 2 10000 0
13.45 2 10000 0
13.5 2 10000 0
13.55 2 10000 0
13.6 2 10000 0
13.65 2 10000 0
13.7 2 10000 0
13.75 2 10000 0
13.8 2 10000 0
13.85 2 10000 0
13.9 2 10000 0
13.95 2 10000 0
14 2 10000 0
14.05 2 10000 0
14.1 2 10000 0
14.15 2 10000 0
14.2 2 10000 0
14.25 2 10000 0
14.3 2 10000 0
14.35 2 10000 0
14.4 2 10000 0
14.45 2 10000 0
14.5 2 10000 0
14.55 2 10000 0
14.6 2 10000 0
14.65 2 10000 0
14.7 2 10000 0
14.75 2 10000 0
14.8 2 10000 0
14.85 2 10000 0
14.9 2 10000 0
14.95 2 10000 0
15 2 10000 0
15.05 2 10000 0
15.1 2 10000 0
15.15 2 10000 0
15.2 2 10000 0
15.25 2 10000 0
15.3 2 10000 0
15.35 2 10000 0
15.4 2 10000 0
15.45 2 10000 0
15.5 2 10000 0
15.55 2 10000 0
15.6 2 10000 0
15.65 2 10000 0
15.7 2 10000 0
15.75 2 10000 0
15.8 2 10000 0
15.85 2 10000 0
15.9 2 10000 0
15.95 2 10000 0
16 2 10000 0
16.05 2 10000 0
16.1 2 10000 0
16.15 2 10000 0
16.2 2 10000 0
16.25 2 10000 0
16.3 2 10000 0
16.35 2 10000 0
16.4 2 10000 0
16.45 2 10000 0
16.5 2 10000 0
16.55 2 10000 0
16.6 2 10000 0
16.65 2 10000 0
16.7 2 10000 0
16.75 2 10000 0
16.8 2 10000 0
16.85 2 10000 0
16.9 2 10000 0
16.95 2 10000 0
17 2 10000 0
17.05 2 10000 0
17.1 2 10000 0
17.15 2 10000 0
17.2 2 10000 0
17.25 2 10000 0
17.3 2 10000 0
17.35 2 10000 0
17.4 2 10000 0
17.45 2 10000 0
17.5 2 10000 0
17.55 2 10000 0
17.6 2 10000 0
17.65 2 10000 0
17.7 2 10000 0
17.75 2 10000 0
17.8 2 10000 0
17.85 2 10000 0
17.9 2 10000 0
17.95 2 10000 0
18 2 10000 0
18.05 2 10000 0
18.1 2 10000 0
18.15 2 10000 0
18.2 2 10000 0
18.25 2 10000 0
18.3 2 10000 0
18.35 2 10000 0
18.4 2 10000 0
18.45 2 10000 0
18.5 2 10000 0
18.55 2 10000 0
18.6 2 10000 0
18.65 2 10000 0
18.7 2 10000 0
18.75 2 10000 0
18.8 2 10000 0
18.85 2 10000 0
18.9 2 10000 0
18.95 2 10000 0
19 2 10000 0
19.05 2 10000 0
19.1 2 10000 0
19.15 2 10000 0
19.2 2 10000 0
19.25 2 10000 0
19.3 2 10000 0
19.35 2 10000 0
19.4 2 10000 0
19.45 2 10000 0
19.5 2 10000 0
19.55 2 10000 0
19.6 2 10000 0
19.65 2 10000 0
19.7 2 10000 0
19.75 2 10000 0
19.8 2 10000 0
19.85 2 10000 0
19.9 2 10000 0
19.95 2 10000 0
20 2 10000 0
20.05 2 10000 0
20.1 2 10000 0
20.15 2 10000 0
20.2 2 10000 0
20.25 2 10000 0
20.3 2 10000 0
20.35 2 10000 0
20.4 2 10000 0
20.45 2 10000 0
20.5 2 10000 0
20.55 2 10000 0
20.6 2 10000 0
20.65 2 10000 0
20.7 2 10000 0
20.75 2 10000 0
20.8 2 10000 0
20.85 2 10000 0
20.9 2 10000 0
20.95 2 10000 0
21 2 10000 0
21.05 2 10000 0
21.1 2 10000 0
21.15 2 10000 0
21.2 2 10000 0
21.25 2 10000 0
21.3 2 10000 0
21.35 2 10000 0
21.4 2 10000 0
21.45 2 10000 0
21.5 2 10000 0
21.55 2 10000 0
21.6 2 10000 0
21.65 2 10000 0
21.7 2 10000 0
21.75 2 10000 0
21.8 2 10000 0
21.85 2 10000 0
21.9 2 10000 0
21.95 2 10000 0
22 2 10000 0
22.05 2 10000 0
22.1 2 10000 0
22.15 2 10000 0
22.2 2 10000 0
22.25 2 10000 0
22.3 2 10000 0
22.35 2 10000 0
22.4 2 10000 0
22.45 2 10000 0
22.5 2 10000 0
22.55 2 10000 0
22.6 2 10000 0
22.65 2 10000 0
22.7 2 10000 0
22.75 2 10000 0
22.8 2 10000 0
22.85 2 10000 0
22.9 2 10000 0
22.95 2 10000 0
23 2 10000 0
23.05 2 10000 0
23.1 2 10000 0
23.15 2 10000 0
23.2 2 10000 0
23.25 2 10000 0
23.3 2 10000 0
23.35 2 10000 0
23.4 2 10000 0
23.45 2 10000 0
23.5 2 10000 0
23.55 2 10000 0
23.6 2 10000 0
23.65 2 10000 0
23.7 2 10000 0
23.75 2 10000 0
23.8 2 10000 0
23.85 2 10000 0
23.9 2 10000 0
23.95 2 10000 0
24 2 10000 0
24.05 2 10000 0
24.1 2 10000 0
24.15 2 10000 0
24.2 2 10000 0
24.25 2 10000 0
24.3 2 10000 0
24.35 2 10000 0
24.4 2 10000 0
24.45 2 10000 0
24.5 2 10000 0
24.55 2 10000 0
24.6 2 10000 0
24.65 2 10000 0
24.7 2 10000 0
24.75 2 10000 0
24.8 2 10000 0
24.85 2 10000 0
24.9 2 10000 0
24.95 2 10000 0
25 2 10000 0
25.05 2 10000 0
25.1 2 10000 0
25.15 2 10000 0
25.2 2 10000 0
25.25 2 10000 0
25.3 2 10000 0
25.35 2 10000 0
25.4 2 10000 0
25.45 2 10000 0
25.5 2 10000 0
25.55 2 10000 0
25.6 2 10000 0
25.65 2 10000 0
25.7 2 10000 0
25.75 2 10000 0
25.8 2 10000 0
25.85 2 10000 0
25.9 2 10000 0
25.95 2 10000 0
26 2 10000 0
26.05 2 10000 0
26.1 2 10000 0
26.15 2 10000 0
26.2 2 10000 0
26.25 2 10000 0
26.3 2 10000 0
26.35 2 10000 0
26.4 2 10000 0
26.45 2 10000 0
26.5 2 10000 0
26.55 2 10000 0
26.6 2 10000 0
26.65 2 10000 0
26.7 2 10000 0
26.75 2 10000 0
26.8 2 10000 0
26.85 2 10000 0
26.9 2 10000 0
26.95 2 10000 0
27 2 10000 0
27.05 2 10000 0
27.1 2 10000 0
27.15 2 10000 0
27.2 2 10000 0
27.25 2 10000 0
27.3 2 10000 0
27.35 2 10000 0
27.4 2 10000 0
27.45 2 10000 0
27.5 2 10000 0
27.55 2 10000 0
27.6 2 10000 0
27.65 2 10000 0
27.7 2 10000 0
27.75 2 10000 0
27.8 2 10000 0
27.85 2 10000 0
27.9 2 10000 0
27.95 2 10000 0
28 2 10000 0
28.05 2 10000 0
28.1 2 10000 0
28.15 2 10000 0
28.2 2 10000 0
28.25 2 10000 0
28.3 2 10000 0
28.35 2 10000 0
28.4 2 10000 0
28.45 2 10000 0
28.5 2 10000 0
28.55 2 10000 0
28.6 2 10000 0
28.65 2 10000 0
28.7 2 10000 0
28.75 2 10000 0
28.8 2 10000 0
28.85 2 10000 0
28.9 2 10000 0
28.95 2 10000 0
29 2 10000 0
29.05 2 10000 0
29.1 2 10000 0
29.15 2 10000 0
29.2 2 10000 0
29.25 2 10000 0
29.3 2 10000 0
29.35 2 10000 0
29.4 2 10000 0
29.45 2 10000 0
29.5 2 10000 0
29.55 2 10000 0
29.6 2 10000 0
29.65 2 10000 0
29.7 2 10000 0
29.75 2 10000 0
29.8 2 10000 0
29.85 2 10000 0
29.9 2 10000 0
29.95 2 10000 0
30 2 10000 0
-10 4 10000 0.3675
-9.95 4 10000 0.3654
-9.9 4 10000 0.3674
-9.85 4 10000 0.3603
-9.8 4 10000 0.3656
-9.75 4 10000 0.3609
-9.7 4 10000 0.355
-9.65 4 10000 0.3528
-9.6 4 10000 0.3449
-9.55 4 10000 0.3525
-9.5 4 10000 0.3508
-9.45 4 10000 0.3525
-9.4 4 10000 0.3473
-9.35 4 10000 0.3417
-9.3 4 10000 0.345
-9.25 4 10000 0.3424
-9.2 4 10000 0.337
-9.15 4 10000 0.3396
-9.1 4 10000 0.336
-9.05 4 10000 0.331
-9 4 10000 0.3304
-8.95 4 10000 0.3356
-8.9 4 10000 0.3208
-8.85 4 10000 0.3288
-8.8 4 10000 0.3249
-8.75 4 10000 0.3213
-8.7 4 10000 0.3106
-8.65 4 10000 0.3182
-8.6 4 10000 0.3026
-8.55 4 10000 0.3177
-8.5 4 10000 0.3109
-8.45 4 10000 0.3017
-8.4 4 10000 0.3075
-8.35 4 10000 0.2972
-8.3 4 10000 0.313
-8.25 4 10000 0.3104
-8.2 4 10000 0.3134
-8.15 4 10000 0.3008
-8.1 4 10000 0.2926
-8.05 4 10000 0.2953
-8 4 10000 0.2913
-7.95 4 10000 0.2856
-7.9 4 10000 0.2978
-7.85 4 10000 0.2839
-7.8 4 10000 0.2889
-7.75 4 10000 0.2784
-7.7 4 10000 0.2883
-7.65 4 10000 0.281
-7.6 4 10000 0.2869
-7.55 4 10000 0.2757
-7.5 4 10000 0.2735
-7.45 4 10000 0.2717
-7.4 4 10000 0.2735
-7.35 4 10000 0.274
-7.3 4 10000 0.268
-7.25 4 10000 0.2743
-7.2 4 10000 0.2662
-7.15 4 10000 0.2569
-7.1 4 10000 0.2598
-7.05 4 10000 0.2548
-7 4 10000 0.2605
-6.95 4 10000 0.256
-6.9 4 10000 0.2568
-6.85 4 10000 0.2566
-6.8 4 10000 0.2537
-6.75 4 10000 0.2519
-6.7 4 10000 0.2489
-6.65 4 10000 0.2463
-6.6 4 10000 0.2472
-6.55 4 10000 0.2485
-6.5 4 10000 0.2402
-6.45 4 10000 0.2449
-6.4 4 10000 0.2383
-6.35 4 10000 0.2403
-6.3 4 10000 0.2336
-6.25 4 10000 0.2349
-6.2 4 10000 0.2318
-6.15 4 10000 0.2344
-6.1 4 10000 0.2214
-6.05 4 10000 0.224
-6 4 10000 0.2228
-5.95 4 10000 0.2154
-5.9 4 10000 0.216
-5.85 4 10000 0.2165
-5.8 4 10000 0.2138
-5.75 4 10000 0.2131
-5.7 4 10000 0.2125
-5.65 4 10000 0.2085
-5.6 4 10000 0.2136
-5.55 4 10000 0.2156
-5.5 4 10000 0.2091
-5.45 4 10000 0.2089
-5.4 4 10000 0.2039
-5.35 4 10000 0.2051
-5.3 4 10000 0.2018
-5.25 4 10000 0.2005
-5.2 4 10000 0.2033
-5.15 4 10000 0.196
-5.1 4 10000 0.1935
-5.05 4 10000 0.1973
-5 4 10000 0.1915
-4.95 4 10000 0.1895
-4.9 4 10000 0.1884
-4.85 4 10000 0.189
-4.8 4 10000 0.1823
-4.75 4 10000 0.1844
-4.7 4 10000 0.1829
-4.65 4 10000 0.181
-4.6 4 10000 0.1832
-4.55 4 10000 0.172
-4.5 4 10000 0.1738
-4.45 4 10000 0.1673
-4.4 4 10000 0.1707
-4.35 4 10000 0.1733
-4.3 4 10000 0.1687
-4.25 4 10000 0.1679
-4.2 4 10000 0.1594
-4.15 4 10000 0.1648
-4.1 4 10000 0.1698
-4.05 4 10000 0.1599
-4 4 10000 0.1587
-3.95 4 10000 0.154
-3.9 4 10000 0.1583
-3.85 4 10000 0.152
-3.8 4 10000 0.1613
-3.75 4 10000 0.1519
-3.7 4 10000 0.1489
-3.65 4 10000 0.1532
-3.6 4 10000 0.1449
-3.55 4 10000 0.1463
-3.5 4 10000 0.1441
-3.45 4 10000 0.1436
-3.4 4 10000 0.1403
-3.35 4 10000 0.1393
-3.3 4 10000 0.1356
-3.25 4 10000 0.1324
-3.2 4 10000 0.1328
-3.15 4 10000 0.1379
-3.1 4 10000 0.1393
-3.05 4 10000 0.1347
-3 4 10000 0.1275
-2.95 4 10000 0.1328
-2.9 4 10000 0.1328
-2.85 4 10000 0.1238
-2.8 4 10000 0.1238
-2.75 4 10000 0.1262
-2.7 4 10000 0.1225
-2.65 4 10000 0.1219
-2.6 4 10000 0.1213
-2.55 4 10000 0.1196
-2.5 4 10000 0.1222
-2.45 4 10000 0.1175
-2.4 4 10000 0.1204
-2.35 4 10000 0.108
-2.3 4 10000 0.1121
-2.25 4 10000 0.1119
-2.2 4 10000 0.1089
-2.15 4 10000 0.1081
-2.1 4 10000 0.1117
-2.05 4 10000 0.1071
-2 4 10000 0.105
-1.95 4 10000 0.1017
-1.9 4 10000 0.1087
-1.85 4 10000 0.1013
-1.8 4 10000 0.0951
-1.75 4 10000 0.1023
-1.7 4 10000 0.1012
-1.65 4 10000 0.0993
-1.6 4 10000 0.089
-1.55 4 10000 0.0938
-1.5 4 10000 0.0946
-1.45 4 10000 0.0908
-1.4 4 10000 0.0954
-1.35 4 10000 0.0881
-1.3 4 10000 0.0873
-1.25 4 10000 0.0868
-1.2 4 10000 0.0862
-1.15 4 10000 0.0897
-1.1 4 10000 0.0888
-1.05 4 10000 0.0866
-1 4 10000 0.0844
-0.95 4 10000 0.0806
-0.9 4 10000 0.0754
-0.85 4 10000 0.0762
-0.8 4 10000 0.0793
-0.75 4 10000 0.0759
-0.7 4 10000 0.0808
-0.65 4 10000 0.0784
-0.6 4 10000 0.0774
-0.55 4 10000 0.0733
-0.5 4 10000 0.0737
-0.45 4 10000 0.0695
-0.4 4 10000 0.074
-0.35 4 10000 0.0757
-0.3 4 10000 0.0686
-0.25 4 10000 0.0674
-0.2 4 10000 0.064
-0.15 4 10000 0.0697
-0.1 4 10000 0.062
-0.05 4 10000 0.0652
0 4 10000 0.0589
0.05 4 10000 0.0644
0.1 4 10000 0.0585
0.15 4 10000 0.062
0.2 4 10000 0.0554
0.25 4 10000 0.0662
0.3 4 10000 0.0617
0.35 4 10000 0.0605
0.4 4 10000 0.0558
0.45 4 10000 0.0562
0.5 4 10000 0.058
0.55 4 10000 0.0568
0.6 4 10000 0.0496
0.65 4 10000 0.0551
0.7 4 10000 0.0546
0.75 4 10000 0.0508
0.8 4 10000 0.0497
0.85 4 10000 0.0544
0.9 4 10000 0.0458
0.95 4 10000 0.0494
1 4 10000 0.0487
1.05 4 10000 0.045
1.1 4 10000 0.0457
1.15 4 10000 0.0449
1.2 4 10000 0.0447
1.25 4 10000 0.0429
1.3 4 10000 0.0432
1.35 4 10000 0.041
1.4 4 10000 0.0425
1.45 4 10000 0.0409
1.5 4 10000 0.0415
1.55 4 10000 0.04
1.6 4 10000 0.0415
1.65 4 10000 0.0428
1.7 4 10000 0.0377
1.75 4 10000 0.0381
1.8 4 10000 0.035
1.85 4 10000 0.0361
1.9 4 10000 0.0424
1.95 4 10000 0.0359
2 4 10000 0.0349
2.05 4 10000 0.0327
2.1 4 10000 0.0322
2.15 4 10000 0.0358
2.2 4 10000 0.0331
2.25 4 10000 0.0293
2.3 4 10000 0.0317
2.35 4 10000 0.0299
2.4 4 10000 0.0292
2.45 4 10000 0.0297
2.5 4 10000 0.0301
2.55 4 10000 0.0273
2.6 4 10000 0.0281
2.65 4 10000 0.0267
2.7 4 10000 0.0256
2.75 4 10000 0.024
2.8 4 10000 0.0269
2.85 4 10000 0.0262
2.9 4 10000 0.0256
2.95 4 10000 0.0244
3 4 10000 0.0269
3.05 4 10000 0.0223
3.1 4 10000 0.0224
3.15 4 10000 0.0223
3.2 4 10000 0.0218
3.25 4 10000 0.0235
3.3 4 10000 0.0222
3.35 4 10000 0.0171
3.4 4 10000 0.0216
3.45 4 10000 0.0208
3.5 4 10000 0.017
3.55 4 10000 0.0211
3.6 4 10000 0.0196
3.65 4 10000 0.0211
3.7 4 10000 0.0173
3.75 4 10000 0.0176
3.8 4 10000 0.0165
3.85 4 10000 0.0193
3.9 4 10000 0.0164
3.95 4 10000 0.0156
4 4 10000 0.0174
4.05 4 10000 0.0156
4.1 4 10000 0.0166
4.15 4 10000 0.016
4.2 4 10000 0.0166
4.25 4 10000 0.0124
4.3 4 10000 0.0146
4.35 4 10000 0.0133
4.4 4 10000 0.0151
4.45 4 10000 0.0146
4.5 4 10000 0.0139
4.55 4 10000 0.0118
4.6 4 10000 0.0122
4.65 4 10000 0.0129
4.7 4 10000 0.0115
4.75 4 10000 0.0125
4.8 4 10000 0.0115
4.85 4 10000 0.0124
4.9 4 10000 0.0133
4.95 4 10000 0.0106
5 4 10000 0.0106
5.05 4 10000 0.0102
5.1 4 10000 0.0106
5.15 4 10000 0.0096
5.2 4 10000 0.0126
5.25 4 10000 0.0106
5.3 4 10000 0.0114
5.35 4 10000 0.0085
5.4 4 10000 0.0086
5.45 4 10000 0.0084
5.5 4 10000 0.0083
5.55 4 10000 0.0075
5.6 4 10000 0.0072
5.65 4 10000 0.009
5.7 4 10000 0.0064
5.75 4 10000 0.0077
5.8 4 10000 0.0075
5.85 4 10000 0.0083
5.9 4 10000 0.0066
5.95 4 10000 0.0064
6 4 10000 0.0077
6.05 4 10000 0.005
6.1 4 10000 0.0071
6.15 4 10000 0.0071
6.2 4 10000 0.0067
6.25 4 10000 0.0046
6.3 4 10000 0.0063
6.35 4 10000 0.0059
6.4 4 10000 0.0045
6.45 4 10000 0.0062
6.5 4 10000 0.0046
6.55 4 10000 0.0053
6.6 4 10000 0.0058
6.65 4 10000 0.0029
6.7 4 10000 0.0044
6.75 4 10000 0.0039
6.8 4 10000 0.0052
6.85 4 10000 0.0053
6.9 4 10000 0.003
6.95 4 10000 0.0041
7 4 10000 0.0041
7.05 4 10000 0.004
7.1 4 10000 0.0035
7.15 4 10000 0.0042
7.2 4 10000 0.0028
7.25 4 10000 0.0031
7.3 4 10000 0.0032
7.35 4 10000 0.0031
7.4 4 10000 0.0033
7.45 4 10000 0.0035
7.5 4 10000 0.0021
7.55 4 10000 0.0032
7.6 4 10000 0.004
7.65 4 10000 0.0027
7.7 4 10000 0.0029
7.75 4 10000 0.0035
7.8 4 10000 0.0024
7.85 4 10000 0.0029
7.9 4 10000 0.0026
7.95 4 10000 0.0028
8 4 10000 0.002
8.05 4 10000 0.002
8.1 4 10000 0.0015
8.15 4 10000 0.0018
8.2 4 10000 0.0024
8.25 4 10000 0.0019
8.3 4 10000 0.0016
8.35 4 10000 0.0016
8.4 4 10000 0.0016
8.45 4 10000 0.002
8.5 4 10000 0.002
8.55 4 10000 0.0014
8.6 4 10000 0.0019
8.65 4 10000 0.0017
8.7 4 10000 0.0014
8.75 4 10000 0.0006
8.8 4 10000 0.0007
8.85 4 10000 0.0013
8.9 4 10000 0.0009
8.95 4 10000 0.0017
9 4 10000 0.0009
9.05 4 10000 0.0012
9.1 4 10000 0.0008
9.15 4 10000 0.0013
9.2 4 10000 0.001
9.25 4 10000 0.0009
9.3 4 10000 0.0011
9.35 4 10000 0.001
9.4 4 10000 0.0007
9.45 4 10000 0.0007
9.5 4 10000 0.0013
9.55 4 10000 0.0012
9.6 4 10000 0.0004
9.65 4 10000 0.0007
9.7 4 10000 0.0008
9.75 4 10000 0.0005
9.8 4 10000 0.0007
9.85 4 10000 0.0008
9.9 4 10000 0.0002
9.95 4 10000 0.0004
10 4 10000 0.0005
10.05 4 10000 0.0006
10.1 4 10000 0.0004
10.15 4 10000 0.0002
10.2 4 10000 0.0006
10.25 4 10000 0.0004
10.3 4 10000 0.0002
10.35 4 10000 0.0004
10.4 4 10000 0.0003
10.45 4 10000 0.0004
10.5 4 10000 0.0004
10.55 4 10000 0.0002
10.6 4 10000 0.0002
10.65 4 10000 0.0002
10.7 4 10000 0
10.75 4 10000 0.0003
10.8 4 10000 0.0002
10.85 4 10000 0.0001
10.9 4 10000 0.0003
10.95 4 10000 0
11 4 10000 0
11.05 4 10000 0.0005
11.1 4 10000 0.0003
11.15 4 10000 0.0001
11.2 4 10000 0.0001
11.25 4 10000 0.0002
11.3 4 10000 0.0002
11.35 4 10000 0.0003
11.4 4 10000 0.0005
11.45 4 10000 0.0003
11.5 4 10000 0
11.55 4 10000 0.0001
11.6 4 10000 0.0003
11.65 4 10000 0
11.7 4 10000 0
11.75 4 10000 0.0001
11.8 4 10000 0
11.85 4 10000 0.0001
11.9 4 10000 0.0001
11.95 4 10000 0.0002
12 4 10000 0
12.05 4 10000 0
12.1 4 10000 0
12.15 4 10000 0.0001
12.2 4 10000 0.0001
12.25 4 10000 0
12.3 4 10000 0.0001
12.35 4 10000 0.0001
12.4 4 10000 0.0001
12.45 4 10000 0.0002
12.5 4 10000 0
12.55 4 10000 0.0001
12.6 4 10000 0.0001
12.65 4 10000 0.0001
12.7 4 10000 0.0002
12.75 4 10000 0.0001
12.8 4 10000 0
12.85 4 10000 0.0003
12.9 4 10000 0
12.95 4 10000 0
13 4 10000 0
13.05 4 10000 0
13.1 4 10000 0.0001
13.15 4 10000 0
13.2 4 10000 0
13.25 4 10000 0
13.3 4 10000 0
13.35 4 10000 0.0001
13.4 4 10000 0
13.45 4 10000 0
13.5 4 10000 0
13.55 4 10000 0
13.6 4 10000 0.0001
13.65 4 10000 0
13.7 4 10000 0.0001
13.75 4 10000 0
13.8 4 10000 0
13.85 4 10000 0
13.9 4 10000 0
13.95 4 10000 0
14 4 10000 0
14.05 4 10000 0
14.1 4 10000 0.0001
14.15 4 10000 0
14.2 4 10000 0
14.25 4 10000 0
14.3 4 10000 0
14.35 4 10000 0
14.4 4 10000 0
14.45 4 10000 0
14.5 4 10000 0
14.55 4 10000 0
14.6 4 10000 0
14.65 4 10000 0
14.7 4 10000 0
14.75 4 10000 0
14.8 4 10000 0
14.85 4 10000 0
14.9 4 10000 0
14.95 4 10000 0
15 4 10000 0
15.05 4 10000 0
15.1 4 10000 0
15.15 4 10000 0
15.2 4 10000 0
15.25 4 10000 0
15.3 4 10000 0
15.35 4 10000 0
15.4 4 10000 0
15.45 4 10000 0
15.5 4 10000 0
15.55 4 10000 0
15.6 4 10000 0
15.65 4 10000 0
15.7 4 10000 0
15.75 4 10000 0
15.8 4 10000 0
15.85 4 10000 0
15.9 4 10000 0
15.95 4 10000 0
16 4 10000 0
16.05 4 10000 0
16.1 4 10000 0
16.15 4 10000 0
16.2 4 10000 0
16.25 4 10000 0
16.3 4 10000 0
16.35 4 10000 0
16.4 4 10000 0
16.45 4 10000 0
16.5 4 10000 0
16.55 4 10000 0
16.6 4 10000 0
16.65 4 10000 0
16.7 4 10000 0
16.75 4 10000 0
16.8 4 10000 0
16.85 4 10000 0
16.9 4 10000 0
16.95 4 10000 0
17 4 10000 0
17.05 4 10000 0
17.1 4 10000 0
17.15 4 10000 0
17.2 4 10000 0
17.25 4 10000 0
17.3 4 10000 0
17.35 4 10000 0
17.4 4 10000 0
17.45 4 10000 0
17.5 4 10000 0
17.55 4 10000 0
17.6 4 10000 0
17.65 4 10000 0
17.7 4 10000 0
17.75 4 10000 0
17.8 4 10000 0
17.85 4 10000 0
17.9 4 10000 0
17.95 4 10000 0
18 4 10000 0
18.05 4 10000 0
18.1 4 10000 0
18.15 4 10000 0
18.2 4 10000 0
18.25 4 10000 0
18.3 4 10000 0
18.35 4 10000 0
18.4 4 10000 0
18.45 4 10000 0
18.5 4 10000 0
18.55 4 10000 0
18.6 4 10000 0
18.65 4 10000 0
18.7 4 10000 0
18.75 4 10000 0
18.8 4 10000 0
18.85 4 10000 0
18.9 4 10000 0
18.95 4 10000 0
19 4 10000 0
19.05 4 10000 0
19.1 4 10000 0
19.15 4 10000 0
19.2 4 10000 0
19.25 4 10000 0
19.3 4 10000 0
19.35 4 10000 0
19.4 4 10000 0
19.45 4 10000 0
19.5 4 10000 0
19.55 4 10000 0
19.6 4 10000 0
19.65 4 10000 0
19.7 4 10000 0
19.75 4 10000 0
19.8 4 10000 0
19.85 4 10000 0
19.9 4 10000 0
19.95 4 10000 0
20 4 10000 0
20.05 4 10000 0
20.1 4 10000 0
20.15 4 10000 0
20.2 4 10000 0
20.25 4 10000 0
20.3 4 10000 0
20.35 4 10000 0
20.4 4 10000 0
20.45 4 10000 0
20.5 4 10000 0
20.55 4 10000 0
20.6 4 10000 0
20.65 4 10000 0
20.7 4 10000 0
20.75 4 10000 0
20.8 4 10000 0
20.85 4 10000 0
20.9 4 10000 0
20.95 4 10000 0
21 4 10000 0
21.05 4 10000 0
21.1 4 10000 0
21.15 4 10000 0
21.2 4 10000 0
21.25 4 10000 0
21.3 4 10000 0
21.35 4 10000 0
21.4 4 10000 0
21.45 4 10000 0
21.5 4 10000 0
21.55 4 10000 0
21.6 4 10000 0
21.65 4 10000 0
21.7 4 10000 0
21.75 4 10000 0
21.8 4 10000 0
21.85 4 10000 0
21.9 4 10000 0
21.95 4 10000 0
22 4 10000 0
22.05 4 10000 0
22.1 4 10000 0
22.15 4 10000 0
22.2 4 10000 0
22.25 4 10000 0
22.3 4 10000 0
22.35 4 10000 0
22.4 4 10000 0
22.45 4 10000 0
22.5 4 10000 0
22.55 4 10000 0
22.6 4 10000 0
22.65 4 10000 0
22.7 4 10000 0
22.75 4 10000 0
22.8 4 10000 0
22.85 4 10000 0
22.9 4 10000 0
22.95 4 10000 0
23 4 10000 0
23.05 4 10000 0
23.1 4 10000 0
23.15 4 10000 0
23.2 4 10000 0
23.25 4 10000 0
23.3 4 10000 0
23.35 4 10000 0
23.4 4 10000 0
23.45 4 10000 0
23.5 4 10000 0
23.55 4 10000 0
23.6 4 10000 0
23.65 4 10000 0
23.7 4 10000 0
23.75 4 10000 0
23.8 4 10000 0
23.85 4 10000 0
23.9 4 10000 0
23.95 4 10000 0
24 4 10000 0
24.05 4 10000 0
24.1 4 10000 0
24.15 4 10000 0
24.2 4 10000 0
24.25 4 10000 0
24.3 4 10000 0
24.35 4 10000 0
24.4 4 10000 0
24.45 4 10000 0
24.5 4 10000 0
24.55 4 10000 0
24.6 4 10000 0
24.65 4 10000 0
24.7 4 10000 0
24.75 4 10000 0
24.8 4 10000 0
24.85 4 10000 0
24.9 4 10000 0
24.95 4 10000 0
25 4 10000 0
25.05 4 10000 0
25.1 4 10000 0
25.15 4 10000 0
25.2 4 10000 0
25.25 4 10000 0
25.3 4 10000 0
25.35 4 10000 0
25.4 4 10000 0
25.45 4 10000 0
25.5 4 10000 0
25.55 4 10000 0
25.6 4 10000 0
25.65 4 10000 0
25.7 4 10000 0
25.75 4 10000 0
25.8 4 10000 0
25.85 4 10000 0
25.9 4 10000 0
25.95 4 10000 0
26 4 10000 0
26.05 4 10000 0
26.1 4 10000 0
26.15 4 10000 0
26.2 4 10000 0
26.25 4 10000 0
26.3 4 10000 0
26.35 4 10000 0
26.4 4 10000 0
26.45 4 10000 0
26.5 4 10000 0
26.55 4 10000 0
26.6 4 10000 0
26.65 4 10000 0
26.7 4 10000 0
26.75 4 10000 0
26.8 4 10000 0
26.85 4 10000 0
26.9 4 10000 0
26.95 4 10000 0
27 4 10000 0
27.05 4 10000 0
27.1 4 10000 0
27.15 4 10000 0
27.2 4 10000 0
27.25 4 10000 0
27.3 4 10000 0
27.35 4 10000 0
27.4 4 10000 0
27.45 4 10000 0
27.5 4 10000 0
27.55 4 10000 0
27.6 4 10000 0
27.65 4 10000 0
27.7 4 10000 0
27.75 4 10000 0
27.8 4 10000 0
27.85 4 10000 0
27.9 4 10000 0
27.95 4 10000 0
28 4 10000 0
28.05 4 10000 0
28.1 4 10000 0
28.15 4 10000 0
28.2 4 10000 0
28.25 4 10000 0
28.3 4 10000 0
28.35 4 10000 0
28.4 4 10000 0
28.45 4 10000 0
28.5 4 10000 0
28.55 4 10000 0
28.6 4 10000 0
28.65 4 10000 0
28.7 4 10000 0
28.75 4 10000 0
28.8 4 10000 0
28.85 4 10000 0
28.9 4 10000 0
28.95 4 10000 0
29 4 10000 0
29.05 4 10000 0
29.1 4 10000 0
29.15 4 10000 0
29.2 4 10000 0
29.25 4 10000 0
29.3 4 10000 0
29.35 4 10000 0
29.4 4 10000 0
29.45 4 10000 0
29.5 4 10000 0
29.55 4 10000 0
29.6 4 10000 0
29.65 4 10000 0
29.7 4 10000 0
29.75 4 10000 0
29.8 4 10000 0
29.85 4 10000 0
29.9 4 10000 0
29.95 4 10000 0
30 4 10000 0
-10 6 10000 0.5405
-9.95 6 10000 0.5328
-9.9 6 10000 0.5325
-9.85 6 10000 0.5272
-9.8 6 10000 0.5297
-9.75 6 10000 0.525
-9.7 6 10000 0.514
-9.65 6 10000 0.5208
-9.6 6 10000 0.5264
-9.55 6 10000 0.5114
-9.5 6 10000 0.5166
-9.45 6 10000 0.512
-9.4 6 10000 0.5098
-9.35 6 10000 0.5078
-9.3 6 10000 0.5074
-9.25 6 10000 0.5086
-9.2 6 10000 0.4927
-9.15 6 10000 0.502
-9.1 6 10000 0.5034
-9.05 6 10000 0.4874
-9 6 10000 0.4927
-8.95 6 10000 0.4904
-8.9 6 10000 0.4894
-8.85 6 10000 0.4799
-8.8 6 10000 0.4737
-8.75 6 10000 0.4827
-8.7 6 10000 0.4817
-8.65 6 10000 0.4746
-8.6 6 10000 0.4742
-8.55 6 10000 0.4747
-8.5 6 10000 0.4747
-8.45 6 10000 0.4651
-8.4 6 10000 0.4636
-8.35 6 10000 0.4594
-8.3 6 10000 0.4621
-8.25 6 10000 0.4607
-8.2 6 10000 0.4548
-8.15 6 10000 0.4461
-8.1 6 10000 0.4466
-8.05 6 10000 0.4475
-8 6 10000 0.4425
-7.95 6 10000 0.4452
-7.9 6 10000 0.4419
-7.85 6 10000 0.4353
-7.8 6 10000 0.4391
-7.75 6 10000 0.4333
-7.7 6 10000 0.4317
-7.65 6 10000 0.4229
-7.6 6 10000 0.4252
-7.55 6 10000 0.4244
-7.5 6 10000 0.427
-7.45 6 10000 0.4173
-7.4 6 10000 0.4164
-7.35 6 10000 0.4122
-7.3 6 10000 0.412
-7.25 6 10000 0.4264
-7.2 6 10000 0.3942
-7.15 6 10000 0.3995
-7.1 6 10000 0.4042
-7.05 6 10000 0.4047
-7 6 10000 0.3976
-6.95 6 10000 0.3984
-6.9 6 10000 0.3913
-6.85 6 10000 0.3845
-6.8 6 10000 0.3881
-6.75 6 10000 0.3829
-6.7 6 10000 0.3897
-6.65 6 10000 0.3728
-6.6 6 10000 0.3733
-6.55 6 10000 0.382
-6.5 6 10000 0.3714
-6.45 6 10000 0.3726
-6.4 6 10000 0.3665
-6.35 6 10000 0.3685
-6.3 6 10000 0.3577
-6.25 6 10000 0.3586
-6.2 6 10000 0.35
-6.15 6 10000 0.3558
-6.1 6 10000 0.3601
-6.05 6 10000 0.3494
-6 6 10000 0.3441
-5.95 6 10000 0.3517
-5.9 6 10000 0.3381
-5.85 6 10000 0.3434
-5.8 6 10000 0.3363
-5.75 6 10000 0.3356
-5.7 6 10000 0.3314
-5.65 6 10000 0.3228
-5.6 6 10000 0.3245
-5.55 6 10000 0.319
-5.5 6 10000 0.325
-5.45 6 10000 0.3174
-5.4 6 10000 0.3173
-5.35 6 10000 0.3145
-5.3 6 10000 0.3111
-5.25 6 10000 0.3116
-5.2 6 10000 0.3064
-5.15 6 10000 0.309
-5.1 6 10000 0.2968
-5.05 6 10000 0.297
-5 6 10000 0.2923
-4.95 6 10000 0.2985
-4.9 6 10000 0.2932
-4.85 6 10000 0.2867
-4.8 6 10000 0.2861
-4.75 6 10000 0.2863
-4.7 6 10000 0.2833
-4.65 6 10000 0.2788
-4.6 6 10000 0.2804
-4.55 6 10000 0.2719
-4.5 6 10000 0.2751
-4.45 6 10000 0.2678
-4.4 6 10000 0.2633
-4.35 6 10000 0.2648
-4.3 6 10000 0.2688
-4.25 6 10000 0.2576
-4.2 6 10000 0.2651
-4.15 6 10000 0.2566
-4.1 6 10000 0.2542
-4.05 6 10000 0.2497
-4 6 10000 0.2441
-3.95 6 10000 0.2445
-3.9 6 10000 0.2438
-3.85 6 10000 0.2438
-3.8 6 10000 0.2411
-3.75 6 10000 0.2461
-3.7 6 10000 0.2285
-3.65 6 10000 0.2314
-3.6 6 10000 0.2299
-3.55 6 10000 0.23
-3.5 6 10000 0.2255
-3.45 6 10000 0.2221
-3.4 6 10000 0.2294
-3.35 6 10000 0.2165
-3.3 6 10000 0.2195
-3.25 6 10000 0.2139
-3.2 6 10000 0.2079
-3.15 6 10000 0.2062
-3.1 6 10000 0.2165
-3.05 6 10000 0.2049
-3 6 10000 0.204
-2.95 6 10000 0.2019
-2.9 6 10000 0.1972
-2.85 6 10000 0.1936
-2.8 6 10000 0.1966
-2.75 6 10000 0.196
-2.7 6 10000 0.1963
-2.65 6 10000 0.1844
-2.6 6 10000 0.1936
-2.55 6 10000 0.1854
-2.5 6 10000 0.1835
-2.45 6 10000 0.1805
-2.4 6 10000 0.1806
-2.35 6 10000 0.1773
-2.3 6 10000 0.1747
-2.25 6 10000 0.1774
-2.2 6 10000 0.173
-2.15 6 10000 0.172
-2.1 6 10000 0.1724
-2.05 6 10000 0.1632
-2 6 10000 0.1654
-1.95 6 10000 0.1598
-1.9 6 10000 0.1518
-1.85 6 10000 0.1559
-1.8 6 10000 0.1576
-1.75 6 10000 0.1528
-1.7 6 10000 0.154
-1.65 6 10000 0.1546
-1.6 6 10000 0.1442
-1.55 6 10000 0.1437
-1.5 6 10000 0.1367
-1.45 6 10000 0.1424
-1.4 6 10000 0.1402
-1.35 6 10000 0.1386
-1.3 6 10000 0.1323
-1.25 6 10000 0.1352
-1.2 6 10000 0.1361
-1.15 6 10000 0.1341
-1.1 6 10000 0.1288
-1.05 6 10000 0.128
-1 6 10000 0.1297
-0.95 6 10000 0.119
-0.9 6 10000 0.1211
-0.85 6 10000 0.1237
-0.8 6 10000 0.1268
-0.75 6 10000 0.117
-0.7 6 10000 0.1221
-0.65 6 10000 0.1155
-0.6 6 10000 0.1117
-0.55 6 10000 0.1103
-0.5 6 10000 0.1072
-0.45 6 10000 0.1053
-0.4 6 10000 0.0998
-0.35 6 10000 0.1092
-0.3 6 10000 0.1044
-0.25 6 10000 0.1034
-0.2 6 10000 0.0942
-0.15 6 10000 0.099
-0.1 6 10000 0.0944
-0.05 6 10000 0.0944
0 6 10000 0.0884
0.05 6 10000 0.09
0.1 6 10000 0.0904
0.15 6 10000 0.0904
0.2 6 10000 0.0928
0.25 6 10000 0.0834
0.3 6 10000 0.0829
0.35 6 10000 0.0881
0.4 6 10000 0.0826
0.45 6 10000 0.0812
0.5 6 10000 0.0863
0.55 6 10000 0.0831
0.6 6 10000 0.0749
0.65 6 10000 0.0792
0.7 6 10000 0.074
0.75 6 10000 0.0763
0.8 6 10000 0.0775
0.85 6 10000 0.0754
0.9 6 10000 0.0749
0.95 6 10000 0.073
1 6 10000 0.0697
1.05 6 10000 0.0675
1.1 6 10000 0.0723
1.15 6 10000 0.0621
1.2 6 10000 0.0661
1.25 6 10000 0.0604
1.3 6 10000 0.0625
1.35 6 10000 0.0619
1.4 6 10000 0.0612
1.45 6 10000 0.058
1.5 6 10000 0.0564
1.55 6 10000 0.057
1.6 6 10000 0.0566
1.65 6 10000 0.0553
1.7 6 10000 0.0575
1.75 6 10000 0.0507
1.8 6 10000 0.0504
1.85 6 10000 0.0508
1.9 6 10000 0.0461
1.95 6 10000 0.0493
2 6 10000 0.0452
2.05 6 10000 0.047
2.1 6 10000 0.0477
2.15 6 10000 0.0431
2.2 6 10000 0.0466
2.25 6 10000 0.0425
2.3 6 10000 0.043
2.35 6 10000 0.042
2.4 6 10000 0.0399
2.45 6 10000 0.0412
2.5 6 10000 0.0404
2.55 6 10000 0.0412
2.6 6 10000 0.042
2.65 6 10000 0.0376
2.7 6 10000 0.0376
2.75 6 10000 0.0377
2.8 6 10000 0.0341
2.85 6 10000 0.0353
2.9 6 10000 0.0324
2.95 6 10000 0.0348
3 6 10000 0.0334
3.05 6 10000 0.0327
3.1 6 10000 0.0323
3.15 6 10000 0.0308
3.2 6 10000 0.0307
3.25 6 10000 0.0264
3.3 6 10000 0.0292
3.35 6 10000 0.0258
3.4 6 10000 0.0276
3.45 6 10000 0.0302
3.5 6 10000 0.0283
3.55 6 10000 0.0279
3.6 6 10000 0.0224
3.65 6 10000 0.0229
3.7 6 10000 0.0239
3.75 6 10000 0.0246
3.8 6 10000 0.0227
3.85 6 10000 0.0208
3.9 6 10000 0.0235
3.95 6 10000 0.0231
4 6 10000 0.0227
4.05 6 10000 0.0204
4.1 6 10000 0.0196
4.15 6 10000 0.0192
4.2 6 10000 0.0193
4.25 6 10000 0.0196
4.3 6 10000 0.0199
4.35 6 10000 0.0171
4.4 6 10000 0.0175
4.45 6 10000 0.0191
4.5 6 10000 0.0178
4.55 6 10000 0.0181
4.6 6 10000 0.0169
4.65 6 10000 0.0156
4.7 6 10000 0.0145
4.75 6 10000 0.0146
4.8 6 10000 0.0138
4.85 6 10000 0.0143
4.9 6 10000 0.0131
4.95 6 10000 0.0135
5 6 10000 0.0137
5.05 6 10000 0.0127
5.1 6 10000 0.0127
5.15 6 10000 0.012
5.2 6 10000 0.0114
5.25 6 10000 0.013
5.3 6 10000 0.0126
5.35 6 10000 0.0114
5.4 6 10000 0.0119
5.45 6 10000 0.0101
5.5 6 10000 0.0095
5.55 6 10000 0.0114
5.6 6 10000 0.0093
5.65 6 10000 0.0101
5.7 6 10000 0.0098
5.75 6 10000 0.0092
5.8 6 10000 0.0077
5.85 6 10000 0.0078
5.9 6 10000 0.0092
5.95 6 10000 0.0068
6 6 10000 0.0065
6.05 6 10000 0.0094
6.1 6 10000 0.0086
6.15 6 10000 0.0067
6.2 6 10000 0.0081
6.25 6 10000 0.0056
6.3 6 10000 0.0072
6.35 6 10000 0.0066
6.4 6 10000 0.006
6.45 6 10000 0.0066
6.5 6 10000 0.0064
6.55 6 10000 0.006
6.6 6 10000 0.0056
6.65 6 10000 0.0045
6.7 6 10000 0.0061
6.75 6 10000 0.0051
6.8 6 10000 0.0047
6.85 6 10000 0.0057
6.9 6 10000 0.0051
6.95 6 10000 0.0046
7 6 10000 0.0032
7.05 6 10000 0.0043
7.1 6 10000 0.0044
7.15 6 10000 0.0035
7.2 6 10000 0.0034
7.25 6 10000 0.003
7.3 6 10000 0.0025
7.35 6 10000 0.0046
7.4 6 10000 0.0031
7.45 6 10000 0.0037
7.5 6 10000 0.0035
7.55 6 10000 0.0031
7.6 6 10000 0.004
7.65 6 10000 0.0033
7.7 6 10000 0.0024
7.75 6 10000 0.0036
7.8 6 10000 0.0033
7.85 6 10000 0.0021
7.9 6 10000 0.0026
7.95 6 10000 0.0036
8 6 10000 0.0033
8.05 6 10000 0.0022
8.1 6 10000 0.002
8.15 6 10000 0.002
8.2 6 10000 0.0023
8.25 6 10000 0.0012
8.3 6 10000 0.0028
8.35 6 10000 0.002
8.4 6 10000 0.0015
8.45 6 10000 0.0017
8.5 6 10000 0.0018
8.55 6 10000 0.0022
8.6 6 10000 0.0015
8.65 6 10000 0.0012
8.7 6 10000 0.0014
8.75 6 10000 0.0009
8.8 6 10000 0.0007
8.85 6 10000 0.0013
8.9 6 10000 0.0013
8.95 6 10000 0.0011
9 6 10000 0.001
9.05 6 10000 0.001
9.1 6 10000 0.0009
9.15 6 10000 0.001
9.2 6 10000 0.0006
9.25 6 10000 0.0011
9.3 6 10000 0.001
9.35 6 10000 0.0014
9.4 6 10000 0.0013
9.45 6 10000 0.0007
9.5 6 10000 0.0009
9.55 6 10000 0.001
9.6 6 10000 0.0007
9.65 6 10000 0.001
9.7 6 10000 0.0014
9.75 6 10000 0.0005
9.8 6 10000 0.0006
9.85 6 10000 0.0008
9.9 6 10000 0.0006
9.95 6 10000 0.0005
10 6 10000 0.0006
10.05 6 10000 0.0003
10.1 6 10000 0.0005
10.15 6 10000 0.0008
10.2 6 10000 0.0006
10.25 6 10000 0.0007
10.3 6 10000 0.0003
10.35 6 10000 0
10.4 6 10000 0.0003
10.45 6 10000 0.0006
10.5 6 10000 0.0002
10.55 6 10000 0.0002
10.6 6 10000 0.0009
10.65 6 10000 0.0009
10.7 6 10000 0
10.75 6 10000 0.0003
10.8 6 10000 0.0004
10.85 6 10000 0
10.9 6 10000 0.0004
10.95 6 10000 0
11 6 10000 0.0003
11.05 6 10000 0.0005
11.1 6 10000 0.0002
11.15 6 10000 0.0003
11.2 6 10000 0.0003
11.25 6 10000 0.0002
11.3 6 10000 0.0001
11.35 6 10000 0.0002
11.4 6 10000 0.0004
11.45 6 10000 0.0003
11.5 6 10000 0.0002
11.55 6 10000 0.0003
11.6 6 10000 0.0001
11.65 6 10000 0.0001
11.7 6 10000 0.0001
11.75 6 10000 0.0002
11.8 6 10000 0.0001
11.85 6 10000 0.0002
11.9 6 10000 0.0001
11.95 6 10000 0
12 6 10000 0
12.05 6 10000 0
12.1 6 10000 0
12.15 6 10000 0.0001
12.2 6 10000 0
12.25 6 10000 0.0002
12.3 6 10000 0
12.35 6 10000 0.0001
12.4 6 10000 0.0002
12.45 6 10000 0
12.5 6 10000 0
12.55 6 10000 0
12.6 6 10000 0.0002
12.65 6 10000 0
12.7 6 10000 0
12.75 6 10000 0
12.8 6 10000 0.0001
12.85 6 10000 0
12.9 6 10000 0.0002
12.95 6 10000 0
13 6 10000 0.0001
13.05 6 10000 0
13.1 6 10000 0
13.15 6 10000 0.0001
13.2 6 10000 0
13.25 6 10000 0
13.3 6 10000 0
13.35 6 10000 0
13.4 6 10000 0
13.45 6 10000 0
13.5 6 10000 0
13.55 6 10000 0.0001
13.6 6 10000 0
13.65 6 10000 0.0001
13.7 6 10000 0
13.75 6 10000 0
13.8 6 10000 0
13.85 6 10000 0
13.9 6 10000 0
13.95 6 10000 0
14 6 10000 0.0001
14.05 6 10000 0
14.1 6 10000 0
14.15 6 10000 0
14.2 6 10000 0
14.25 6 10000 0
14.3 6 10000 0
14.35 6 10000 0
14.4 6 10000 0.0001
14.45 6 10000 0
14.5 6 10000 0
14.55 6 10000 0
14.6 6 10000 0
14.65 6 10000 0
14.7 6 10000 0
14.75 6 10000 0
14.8 6 10000 0
14.85 6 10000 0
14.9 6 10000 0.0001
14.95 6 10000 0
15 6 10000 0
15.05 6 10000 0
15.1 6 10000 0
15.15 6 10000 0
15.2 6 10000 0
15.25 6 10000 0
15.3 6 10000 0
15.35 6 10000 0
15.4 6 10000 0
15.45 6 10000 0
15.5 6 10000 0
15.55 6 10000 0
15.6 6 10000 0
15.65 6 10000 0
15.7 6 10000 0
15.75 6 10000 0
15.8 6 10000 0
15.85 6 10000 0
15.9 6 10000 0
15.95 6 10000 0
16 6 10000 0
16.05 6 10000 0
16.1 6 10000 0
16.15 6 10000 0
16.2 6 10000 0
16.25 6 10000 0
16.3 6 10000 0
16.35 6 10000 0
16.4 6 10000 0
16.45 6 10000 0
16.5 6 10000 0
16.55 6 10000 0
16.6 6 10000 0
16.65 6 10000 0
16.7 6 10000 0
16.75 6 10000 0
16.8 6 10000 0
16.85 6 10000 0
16.9 6 10000 0
16.95 6 10000 0
17 6 10000 0
17.05 6 10000 0
17.1 6 10000 0
17.15 6 10000 0
17.2 6 10000 0
17.25 6 10000 0
17.3 6 10000 0
17.35 6 10000 0
17.4 6 10000 0
17.45 6 10000 0
17.5 6 10000 0
17.55 6 10000 0
17.6 6 10000 0
17.65 6 10000 0
17.7 6 10000 0
17.75 6 10000 0
17.8 6 10000 0
17.85 6 10000 0
17.9 6 10000 0
17.95 6 10000 0
18 6 10000 0
18.05 6 10000 0
18.1 6 10000 0
18.15 6 10000 0
18.2 6 10000 0
18.25 6 10000 0
18.3 6 10000 0
18.35 6 10000 0
18.4 6 10000 0
18.45 6 10000 0
18.5 6 10000 0
18.55 6 10000 0
18.6 6 10000 0
18.65 6 10000 0
18.7 6 10000 0
18.75 6 10000 0
18.8 6 10000 0
18.85 6 10000 0
18.9 6 10000 0
18.95 6 10000 0
19 6 10000 0
19.05 6 10000 0
19.1 6 10000 0
19.15 6 10000 0
19.2 6 10000 0
19.25 6 10000 0
19.3 6 10000 0
19.35 6 10000 0
19.4 6 10000 0
19.45 6 10000 0
19.5 6 10000 0
19.55 6 10000 0
19.6 6 10000 0
19.65 6 10000 0
19.7 6 10000 0
19.75 6 10000 0
19.8 6 10000 0
19.85 6 10000 0
19.9 6 10000 0
19.95 6 10000 0
20 6 10000 0
20.05 6 10000 0
20.1 6 10000 0
20.15 6 10000 0
20.2 6 10000 0
20.25 6 10000 0
20.3 6 10000 0
20.35 6 10000 0
20.4 6 10000 0
20.45 6 10000 0
20.5 6 10000 0
20.55 6 10000 0
20.6 6 10000 0
20.65 6 10000 0
20.7 6 10000 0
20.75 6 10000 0
20.8 6 10000 0
20.85 6 10000 0
20.9 6 10000 0
20.95 6 10000 0
21 6 10000 0
21.05 6 10000 0
21.1 6 10000 0
21.15 6 10000 0
21.2 6 10000 0
21.25 6 10000 0
21.3 6 10000 0
21.35 6 10000 0
21.4 6 10000 0
21.45 6 10000 0
21.5 6 10000 0
21.55 6 10000 0
21.6 6 10000 0
21.65 6 10000 0
21.7 6 10000 0
21.75 6 10000 0
21.8 6 10000 0
21.85 6 10000 0
21.9 6 10000 0
21.95 6 10000 0
22 6 10000 0
22.05 6 10000 0
22.1 6 10000 0
22.15 6 10000 0
22.2 6 10000 0
22.25 6 10000 0
22.3 6 10000 0
22.35 6 10000 0
22.4 6 10000 0
22.45 6 10000 0
22.5 6 10000 0
22.55 6 10000 0
22.6 6 10000 0
22.65 6 10000 0
22.7 6 10000 0
22.75 6 10000 0
22.8 6 10000 0
22.85 6 10000 0
22.9 6 10000 0
22.95 6 10000 0
23 6 10000 0
23.05 6 10000 0
23.1 6 10000 0
23.15 6 10000 0
23.2 6 10000 0
23.25 6 10000 0
23.3 6 10000 0
23.35 6 10000 0
23.4 6 10000 0
23.45 6 10000 0
23.5 6 10000 0
23.55 6 10000 0
23.6 6 10000 0
23.65 6 10000 0
23.7 6 10000 0
23.75 6 10000 0
23.8 6 10000 0
23.85 6 10000 0
23.9 6 10000 0
23.95 6 10000 0
24 6 10000 0
24.05 6 10000 0
24.1 6 10000 0
24.15 6 10000 0
24.2 6 10000 0
24.25 6 10000 0
24.3 6 10000 0
24.35 6 10000 0
24.4 6 10000 0
24.45 6 10000 0
24.5 6 10000 0
24.55 6 10000 0
24.6 6 10000 0
24.65 6 10000 0
24.7 6 10000 0
24.75 6 10000 0
24.8 6 10000 0
24.85 6 10000 0
24.9 6 10000 0
24.95 6 10000 0
25 6 10000 0
25.05 6 10000 0
25.1 6 10000 0
25.15 6 10000 0
25.2 6 10000 0
25.25 6 10000 0
25.3 6 10000 0
25.35 6 10000 0
25.4 6 10000 0
25.45 6 10000 0
25.5 6 10000 0
25.55 6 10000 0
25.6 6 10000 0
25.65 6 10000 0
25.7 6 10000 0
25.75 6 10000 0
25.8 6 10000 0
25.85 6 10000 0
25.9 6 10000 0
25.95 6 10000 0
26 6 10000 0
26.05 6 10000 0
26.1 6 10000 0
26.15 6 10000 0
26.2 6 10000 0
26.25 6 10000 0
26.3 6 10000 0
26.35 6 10000 0
26.4 6 10000 0
26.45 6 10000 0
26.5 6 10000 0
26.55 6 10000 0
26.6 6 10000 0
26.65 6 10000 0
26.7 6 10000 0
26.75 6 10000 0
26.8 6 10000 0
26.85 6 10000 0
26.9 6 10000 0
26.95 6 10000 0
27 6 10000 0
27.05 6 10000 0
27.1 6 10000 0
27.15 6 10000 0
27.2 6 10000 0
27.25 6 10000 0
27.3 6 10000 0
27.35 6 10000 0
27.4 6 10000 0
27.45 6 10000 0
27.5 6 10000 0
27.55 6 10000 0
27.6 6 10000 0
27.65 6 10000 0
27.7 6 10000 0
27.75 6 10000 0
27.8 6 10000 0
27.85 6 10000 0
27.9 6 10000 0
27.95 6 10000 0
28 6 10000 0
28.05 6 10000 0
28.1 6 10000 0
28.15 6 10000 0
28.2 6 10000 0
28.25 6 10000 0
28.3 6 10000 0
28.35 6 10000 0
28.4 6 10000 0
28.45 6 10000 0
28.5 6 10000 0
28.55 6 10000 0
28.6 6 10000 0
28.65 6 10000 0
28.7 6 10000 0
28.75 6 10000 0
28.8 6 10000 0
28.85 6 10000 0
28.9 6 10000 0
28.95 6 10000 0
29 6 10000 0
29.05 6 10000 0
29.1 6 10000 0
29.15 6 10000 0
29.2 6 10000 0
29.25 6 10000 0
29.3 6 10000 0
29.35 6 10000 0
29.4 6 10000 0
29.45 6 10000 0
29.5 6 10000 0
29.55 6 10000 0
29.6 6 10000 0
29.65 6 10000 0
29.7 6 10000 0
29.75 6 10000 0
29.8 6 10000 0
29.85 6 10000 0
29.9 6 10000 0
29.95 6 10000 0
30 6 10000 0
-10 8 10000 0.703
-9.95 8 10000 0.7076
-9.9 8 10000 0.7124
-9.85 8 10000 0.6965
-9.8 8 10000 0.7051
-9.75 8 10000 0.6866
-9.7 8 10000 0.6877
-9.65 8 10000 0.6931
-9.6 8 10000 0.6898
-9.55 8 10000 0.687
-9.5 8 10000 0.6888
-9.45 8 10000 0.6729
-9.4 8 10000 0.6808
-9.35 8 10000 0.6717
-9.3 8 10000 0.6806
-9.25 8 10000 0.6699
-9.2 8 10000 0.6804
-9.15 8 10000 0.6676
-9.1 8 10000 0.67
-9.05 8 10000 0.6661
-9 8 10000 0.6636
-8.95 8 10000 0.6566
-8.9 8 10000 0.6629
-8.85 8 10000 0.6481
-8.8 8 10000 0.6498
-8.75 8 10000 0.6547
-8.7 8 10000 0.6456
-8.65 8 10000 0.6417
-8.6 8 10000 0.6419
-8.55 8 10000 0.6443
-8.5 8 10000 0.6407
-8.45 8 10000 0.6333
-8.4 8 10000 0.6335
-8.35 8 10000 0.6295
-8.3 8 10000 0.6351
-8.25 8 10000 0.6282
-8.2 8 10000 0.6173
-8.15 8 10000 0.6223
-8.1 8 10000 0.6108
-8.05 8 10000 0.6165
-8 8 10000 0.6117
-7.95 8 10000 0.5985
-7.9 8 10000 0.5995
-7.85 8 10000 0.6046
-7.8 8 10000 0.6038
-7.75 8 10000 0.6057
-7.7 8 10000 0.5942
-7.65 8 10000 0.601
-7.6 8 10000 0.5952
-7.55 8 10000 0.5962
-7.5 8 10000 0.596
-7.45 8 10000 0.5876
-7.4 8 10000 0.5917
-7.35 8 10000 0.5828
-7.3 8 10000 0.5793
-7.25 8 10000 0.5733
-7.2 8 10000 0.5808
-7.15 8 10000 0.5748
-7.1 8 10000 0.56
-7.05 8 10000 0.5559
-7 8 10000 0.5668
-6.95 8 10000 0.5562
-6.9 8 10000 0.5637
-6.85 8 10000 0.5444
-6.8 8 10000 0.552
-6.75 8 10000 0.5506
-6.7 8 10000 0.5431
-6.65 8 10000 0.5461
-6.6 8 10000 0.5406
-6.55 8 10000 0.5318
-6.5 8 10000 0.5359
-6.45 8 10000 0.5315
-6.4 8 10000 0.5325
-6.35 8 10000 0.5211
-6.3 8 10000 0.5314
-6.25 8 10000 0.5217
-6.2 8 10000 0.5151
-6.15 8 10000 0.5134
-6.1 8 10000 0.5053
-6.05 8 10000 0.5019
-6 8 10000 0.5125
-5.95 8 10000 0.5035
-5.9 8 10000 0.501
-5.85 8 10000 0.5051
-5.8 8 10000 0.4979
-5.75 8 10000 0.4832
-5.7 8 10000 0.4932
-5.65 8 10000 0.4873
-5.6 8 10000 0.4834
-5.55 8 10000 0.4791
-5.5 8 10000 0.4783
-5.45 8 10000 0.4703
-5.4 8 10000 0.4677
-5.35 8 10000 0.472
-5.3 8 10000 0.4663
-5.25 8 10000 0.4667
-5.2 8 10000 0.4611
-5.15 8 10000 0.458
-5.1 8 10000 0.4491
-5.05 8 10000 0.4551
-5 8 10000 0.4522
-4.95 8 10000 0.4457
-4.9 8 10000 0.447
-4.85 8 10000 0.4431
-4.8 8 10000 0.4389
-4.75 8 10000 0.4407
-4.7 8 10000 0.432
-4.65 8 10000 0.4332
-4.6 8 10000 0.4306
-4.55 8 10000 0.4193
-4.5 8 10000 0.4204
-4.45 8 10000 0.4171
-4.4 8 10000 0.4126
-4.35 8 10000 0.414
-4.3 8 10000 0.4097
-4.25 8 10000 0.3979
-4.2 8 10000 0.4
-4.15 8 10000 0.4004
-4.1 8 10000 0.3917
-4.05 8 10000 0.3888
-4 8 10000 0.3903
-3.95 8 10000 0.3776
-3.9 8 10000 0.382
-3.85 8 10000 0.3821
-3.8 8 10000 0.3844
-3.75 8 10000 0.3746
-3.7 8 10000 0.3626
-3.65 8 10000 0.3664
-3.6 8 10000 0.3594
-3.55 8 10000 0.3664
-3.5 8 10000 0.358
-3.45 8 10000 0.354
-3.4 8 10000 0.3532
-3.35 8 10000 0.3534
-3.3 8 10000 0.3495
-3.25 8 10000 0.346
-3.2 8 10000 0.348
-3.15 8 10000 0.336
-3.1 8 10000 0.3303
-3.05 8 10000 0.3268
-3 8 10000 0.3323
-2.95 8 10000 0.322
-2.9 8 10000 0.3264
-2.85 8 10000 0.3191
-2.8 8 10000 0.3234
-2.75 8 10000 0.3167
-2.7 8 10000 0.3112
-2.65 8 10000 0.3068
-2.6 8 10000 0.3049
-2.55 8 10000 0.3014
-2.5 8 10000 0.3008
-2.45 8 10000 0.2864
-2.4 8 10000 0.2865
-2.35 8 10000 0.2828
-2.3 8 10000 0.2892
-2.25 8 10000 0.2785
-2.2 8 10000 0.2778
-2.15 8 10000 0.2755
-2.1 8 10000 0.2766
-2.05 8 10000 0.2627
-2 8 10000 0.2661
-1.95 8 10000 0.269
-1.9 8 10000 0.2632
-1.85 8 10000 0.2583
-1.8 8 10000 0.264
-1.75 8 10000 0.265
-1.7 8 10000 0.2529
-1.65 8 10000 0.2474
-1.6 8 10000 0.2436
-1.55 8 10000 0.2385
-1.5 8 10000 0.2391
-1.45 8 10000 0.2408
-1.4 8 10000 0.2396
-1.35 8 10000 0.2362
-1.3 8 10000 0.234
-1.25 8 10000 0.2247
-1.2 8 10000 0.2177
-1.15 8 10000 0.2319
-1.1 8 10000 0.2216
-1.05 8 10000 0.2161
-1 8 10000 0.2178
-0.95 8 10000 0.2132
-0.9 8 10000 0.2141
-0.85 8 10000 0.2091
-0.8 8 10000 0.2066
-0.75 8 10000 0.2058
-0.7 8 10000 0.1991
-0.65 8 10000 0.1963
-0.6 8 10000 0.1986
-0.55 8 10000 0.1938
-0.5 8 10000 0.1945
-0.45 8 10000 0.1834
-0.4 8 10000 0.1907
-0.35 8 10000 0.1797
-0.3 8 10000 0.1783
-0.25 8 10000 0.1692
-0.2 8 10000 0.1711
-0.15 8 10000 0.1722
-0.1 8 10000 0.1664
-0.05 8 10000 0.1608
0 8 10000 0.1563
0.05 8 10000 0.1671
0.1 8 10000 0.1556
0.15 8 10000 0.1553
0.2 8 10000 0.1553
0.25 8 10000 0.155
0.3 8 10000 0.1545
0.35 8 10000 0.1412
0.4 8 10000 0.1475
0.45 8 10000 0.1446
0.5 8 10000 0.1436
0.55 8 10000 0.149
0.6 8 10000 0.1391
0.65 8 10000 0.1427
0.7 8 10000 0.1356
0.75 8 10000 0.1314
0.8 8 10000 0.1227
0.85 8 10000 0.1261
0.9 8 10000 0.1275
0.95 8 10000 0.1178
1 8 10000 0.1209
1.05 8 10000 0.1209
1.1 8 10000 0.1196
1.15 8 10000 0.1108
1.2 8 10000 0.1129
1.25 8 10000 0.1198
1.3 8 10000 0.1155
1.35 8 10000 0.1133
1.4 8 10000 0.1041
1.45 8 10000 0.1087
1.5 8 10000 0.1047
1.55 8 10000 0.1009
1.6 8 10000 0.0955
1.65 8 10000 0.0938
1.7 8 10000 0.0959
1.75 8 10000 0.0939
1.8 8 10000 0.0919
1.85 8 10000 0.0876
1.9 8 10000 0.0872
1.95 8 10000 0.0935
2 8 10000 0.0799
2.05 8 10000 0.0848
2.1 8 10000 0.087
2.15 8 10000 0.0854
2.2 8 10000 0.0768
2.25 8 10000 0.0775
2.3 8 10000 0.0807
2.35 8 10000 0.0764
2.4 8 10000 0.0752
2.45 8 10000 0.0762
2.5 8 10000 0.0692
2.55 8 10000 0.0714
2.6 8 10000 0.0711
2.65 8 10000 0.0656
2.7 8 10000 0.0664
2.75 8 10000 0.0625
2.8 8 10000 0.0612
2.85 8 10000 0.0607
2.9 8 10000 0.0594
2.95 8 10000 0.0589
3 8 10000 0.0599
3.05 8 10000 0.0577
3.1 8 10000 0.0569
3.15 8 10000 0.0576
3.2 8 10000 0.0544
3.25 8 10000 0.0525
3.3 8 10000 0.053
3.35 8 10000 0.0484
3.4 8 10000 0.0478
3.45 8 10000 0.0514
3.5 8 10000 0.0454
3.55 8 10000 0.0493
3.6 8 10000 0.0437
3.65 8 10000 0.0472
3.7 8 10000 0.0431
3.75 8 10000 0.0425
3.8 8 10000 0.042
3.85 8 10000 0.0403
3.9 8 10000 0.0398
3.95 8 10000 0.0383
4 8 10000 0.0399
4.05 8 10000 0.0387
4.1 8 10000 0.0384
4.15 8 10000 0.0377
4.2 8 10000 0.0332
4.25 8 10000 0.0321
4.3 8 10000 0.0305
4.35 8 10000 0.0315
4.4 8 10000 0.0281
4.45 8 10000 0.0339
4.5 8 10000 0.0282
4.55 8 10000 0.0361
4.6 8 10000 0.026
4.65 8 10000 0.0259
4.7 8 10000 0.0235
4.75 8 10000 0.0259
4.8 8 10000 0.0253
4.85 8 10000 0.0261
4.9 8 10000 0.0238
4.95 8 10000 0.024
5 8 10000 0.0236
5.05 8 10000 0.0216
5.1 8 10000 0.0221
5.15 8 10000 0.0218
5.2 8 10000 0.0206
5.25 8 10000 0.0206
5.3 8 10000 0.0186
5.35 8 10000 0.0189
5.4 8 10000 0.0178
5.45 8 10000 0.0164
5.5 8 10000 0.0178
5.55 8 10000 0.0193
5.6 8 10000 0.0172
5.65 8 10000 0.0146
5.7 8 10000 0.0161
5.75 8 10000 0.015
5.8 8 10000 0.0172
5.85 8 10000 0.0132
5.9 8 10000 0.0149
5.95 8 10000 0.0138
6 8 10000 0.0127
6.05 8 10000 0.0134
6.1 8 10000 0.0113
6.15 8 10000 0.0143
6.2 8 10000 0.0108
6.25 8 10000 0.0132
6.3 8 10000 0.0114
6.35 8 10000 0.0115
6.4 8 10000 0.0103
6.45 8 10000 0.0114
6.5 8 10000 0.0106
6.55 8 10000 0.0079
6.6 8 10000 0.0097
6.65 8 10000 0.0093
6.7 8 10000 0.0085
6.75 8 10000 0.0095
6.8 8 10000 0.0081
6.85 8 10000 0.0074
6.9 8 10000 0.0077
6.95 8 10000 0.009
7 8 10000 0.009
7.05 8 10000 0.0073
7.1 8 10000 0.0081
7.15 8 10000 0.0048
7.2 8 10000 0.007
7.25 8 10000 0.0074
7.3 8 10000 0.0059
7.35 8 10000 0.0045
7.4 8 10000 0.0063
7.45 8 10000 0.0046
7.5 8 10000 0.0053
7.55 8 10000 0.0054
7.6 8 10000 0.0059
7.65 8 10000 0.0049
7.7 8 10000 0.0046
7.75 8 10000 0.0043
7.8 8 10000 0.0034
7.85 8 10000 0.0044
7.9 8 10000 0.0035
7.95 8 10000 0.0055
8 8 10000 0.0032
8.05 8 10000 0.0034
8.1 8 10000 0.0032
8.15 8 10000 0.0028
8.2 8 10000 0.0033
8.25 8 10000 0.0033
8.3 8 10000 0.0046
8.35 8 10000 0.0029
8.4 8 10000 0.0034
8.45 8 10000 0.0026
8.5 8 10000 0.0024
8.55 8 10000 0.0023
8.6 8 10000 0.0026
8.65 8 10000 0.0023
8.7 8 10000 0.002
8.75 8 10000 0.002
8.8 8 10000 0.0019
8.85 8 10000 0.0019
8.9 8 10000 0.0016
8.95 8 10000 0.0014
9 8 10000 0.0014
9.05 8 10000 0.0017
9.1 8 10000 0.0025
9.15 8 10000 0.0019
9.2 8 10000 0.0012
9.25 8 10000 0.0015
9.3 8 10000 0.0009
9.35 8 10000 0.0009
9.4 8 10000 0.0012
9.45 8 10000 0.001
9.5 8 10000 0.0013
9.55 8 10000 0.0012
9.6 8 10000 0.0007
9.65 8 10000 0.0018
9.7 8 10000 0.0013
9.75 8 10000 0.0011
9.8 8 10000 0.0007
9.85 8 10000 0.0007
9.9 8 10000 0.0015
9.95 8 10000 0.0009
10 8 10000 0.001
10.05 8 10000 0.0007
10.1 8 10000 0.0008
10.15 8 10000 0.0008
10.2 8 10000 0.0008
10.25 8 10000 0.0007
10.3 8 10000 0.0004
10.35 8 10000 0.0006
10.4 8 10000 0.0005
10.45 8 10000 0.0006
10.5 8 10000 0.0005
10.55 8 10000 0.0005
10.6 8 10000 0.0004
10.65 8 10000 0.0006
10.7 8 10000 0.0005
10.75 8 10000 0.0006
10.8 8 10000 0.0006
10.85 8 10000 0.0005
10.9 8 10000 0.0004
10.95 8 10000 0.0007
11 8 10000 0.0001
11.05 8 10000 0.0004
11.1 8 10000 0.0004
11.15 8 10000 0.0007
11.2 8 10000 0.0003
11.25 8 10000 0.0004
11.3 8 10000 0.0002
11.35 8 10000 0.0004
11.4 8 10000 0.0003
11.45 8 10000 0.0001
11.5 8 10000 0.0002
11.55 8 10000 0.0006
11.6 8 10000 0.0005
11.65 8 10000 0.0002
11.7 8 10000 0.0002
11.75 8 10000 0.0001
11.8 8 10000 0.0003
11.85 8 10000 0.0001
11.9 8 10000 0.0001
11.95 8 10000 0
12 8 10000 0
12.05 8 10000 0.0001
12.1 8 10000 0.0002
12.15 8 10000 0.0001
12.2 8 10000 0
12.25 8 10000 0.0001
12.3 8 10000 0
12.35 8 10000 0.0001
12.4 8 10000 0.0001
12.45 8 10000 0.0001
12.5 8 10000 0
12.55 8 10000 0
12.6 8 10000 0.0002
12.65 8 10000 0.0002
12.7 8 10000 0.0001
12.75 8 10000 0
12.8 8 10000 0.0001
12.85 8 10000 0
12.9 8 10000 0.0001
12.95 8 10000 0
13 8 10000 0
13.05 8 10000 0
13.1 8 10000 0
13.15 8 10000 0
13.2 8 10000 0
13.25 8 10000 0
13.3 8 10000 0
13.35 8 10000 0.0001
13.4 8 10000 0
13.45 8 10000 0
13.5 8 10000 0
13.55 8 10000 0
13.6 8 10000 0
13.65 8 10000 0.0001
13.7 8 10000 0.0002
13.75 8 10000 0.0001
13.8 8 10000 0
13.85 8 10000 0
13.9 8 10000 0
13.95 8 10000 0
14 8 10000 0
14.05 8 10000 0
14.1 8 10000 0
14.15 8 10000 0.0001
14.2 8 10000 0
14.25 8 10000 0
14.3 8 10000 0
14.35 8 10000 0
14.4 8 10000 0
14.45 8 10000 0
14.5 8 10000 0
14.55 8 10000 0.0001
14.6 8 10000 0
14.65 8 10000 0
14.7 8 10000 0
14.75 8 10000 0
14.8 8 10000 0
14.85 8 10000 0
14.9 8 10000 0
14.95 8 10000 0
15 8 10000 0
15.05 8 10000 0
15.1 8 10000 0
15.15 8 10000 0
15.2 8 10000 0
15.25 8 10000 0
15.3 8 10000 0
15.35 8 10000 0
15.4 8 10000 0
15.45 8 10000 0
15.5 8 10000 0
15.55 8 10000 0
15.6 8 10000 0
15.65 8 10000 0
15.7 8 10000 0
15.75 8 10000 0
15.8 8 10000 0.0001
15.85 8 10000 0
15.9 8 10000 0
15.95 8 10000 0
16 8 10000 0
16.05 8 10000 0
16.1 8 10000 0
16.15 8 10000 0
16.2 8 10000 0
16.25 8 10000 0
16.3 8 10000 0
16.35 8 10000 0
16.4 8 10000 0
16.45 8 10000 0
16.5 8 10000 0
16.55 8 10000 0
16.6 8 10000 0
16.65 8 10000 0
16.7 8 10000 0
16.75 8 10000 0
16.8 8 10000 0
16.85 8 10000 0
16.9 8 10000 0
16.95 8 10000 0
17 8 10000 0
17.05 8 10000 0
17.1 8 10000 0
17.15 8 10000 0
17.2 8 10000 0
17.25 8 10000 0
17.3 8 10000 0
17.35 8 10000 0
17.4 8 10000 0
17.45 8 10000 0
17.5 8 10000 0
17.55 8 10000 0
17.6 8 10000 0
17.65 8 10000 0
17.7 8 10000 0
17.75 8 10000 0
17.8 8 10000 0
17.85 8 10000 0
17.9 8 10000 0
17.95 8 10000 0
18 8 10000 0
18.05 8 10000 0
18.1 8 10000 0
18.15 8 10000 0
18.2 8 10000 0
18.25 8 10000 0
18.3 8 10000 0
18.35 8 10000 0
18.4 8 10000 0
18.45 8 10000 0
18.5 8 10000 0
18.55 8 10000 0
18.6 8 10000 0
18.65 8 10000 0
18.7 8 10000 0
18.75 8 10000 0
18.8 8 10000 0
18.85 8 10000 0
18.9 8 10000 0
18.95 8 10000 0
19 8 10000 0
19.05 8 10000 0
19.1 8 10000 0
19.15 8 10000 0
19.2 8 10000 0
19.25 8 10000 0
19.3 8 10000 0
19.35 8 10000 0
19.4 8 10000 0
19.45 8 10000 0
19.5 8 10000 0
19.55 8 10000 0
19.6 8 10000 0
19.65 8 10000 0
19.7 8 10000 0
19.75 8 10000 0
19.8 8 10000 0
19.85 8 10000 0
19.9 8 10000 0
19.95 8 10000 0
20 8 10000 0
20.05 8 10000 0
20.1 8 10000 0
20.15 8 10000 0
20.2 8 10000 0
20.25 8 10000 0
20.3 8 10000 0
20.35 8 10000 0
20.4 8 10000 0
20.45 8 10000 0
20.5 8 10000 0
20.55 8 10000 0
20.6 8 10000 0
20.65 8 10000 0
20.7 8 10000 0
20.75 8 10000 0
20.8 8 10000 0
20.85 8 10000 0
20.9 8 10000 0
20.95 8 10000 0
21 8 10000 0
21.05 8 10000 0
21.1 8 10000 0
21.15 8 10000 0
21.2 8 10000 0
21.25 8 10000 0
21.3 8 10000 0
21.35 8 10000 0
21.4 8 10000 0
21.45 8 10000 0
21.5 8 10000 0
21.55 8 10000 0
21.6 8 10000 0
21.65 8 10000 0
21.7 8 10000 0
21.75 8 10000 0
21.8 8 10000 0
21.85 8 10000 0
21.9 8 10000 0
21.95 8 10000 0
22 8 10000 0
22.05 8 10000 0
22.1 8 10000 0
22.15 8 10000 0
22.2 8 10000 0
22.25 8 10000 0
22.3 8 10000 0
22.35 8 10000 0
22.4 8 10000 0
22.45 8 10000 0
22.5 8 10000 0
22.55 8 10000 0
22.6 8 10000 0
22.65 8 10000 0
22.7 8 10000 0
22.75 8 10000 0
22.8 8 10000 0
22.85 8 10000 0
22.9 8 10000 0
22.95 8 10000 0
23 8 10000 0
23.05 8 10000 0
23.1 8 10000 0
23.15 8 10000 0
23.2 8 10000 0
23.25 8 10000 0
23.3 8 10000 0
23.35 8 10000 0
23.4 8 10000 0
23.45 8 10000 0
23.5 8 10000 0
23.55 8 10000 0
23.6 8 10000 0
23.65 8 10000 0
23.7 8 10000 0
23.75 8 10000 0
23.8 8 10000 0
23.85 8 10000 0
23.9 8 10000 0
23.95 8 10000 0
24 8 10000 0
24.05 8 10000 0
24.1 8 10000 0
24.15 8 10000 0
24.2 8 10000 0
24.25 8 10000 0
24.3 8 10000 0
24.35 8 10000 0
24.4 8 10000 0
24.45 8 10000 0
24.5 8 10000 0
24.55 8 10000 0
24.6 8 10000 0
24.65 8 10000 0
24.7 8 10000 0
24.75 8 10000 0
24.8 8 10000 0
24.85 8 10000 0
24.9 8 10000 0
24.95 8 10000 0
25 8 10000 0
25.05 8 10000 0
25.1 8 10000 0
25.15 8 10000 0
25.2 8 10000 0
25.25 8 10000 0
25.3 8 10000 0
25.35 8 10000 0
25.4 8 10000 0
25.45 8 10000 0
25.5 8 10000 0
25.55 8 10000 0
25.6 8 10000 0
25.65 8 10000 0
25.7 8 10000 0
25.75 8 10000 0
25.8 8 10000 0
25.85 8 10000 0
25.9 8 10000 0
25.95 8 10000 0
26 8 10000 0
26.05 8 10000 0
26.1 8 10000 0
26.15 8 10000 0
26.2 8 10000 0
26.25 8 10000 0
26.3 8 10000 0
26.35 8 10000 0
26.4 8 10000 0
26.45 8 10000 0
26.5 8 10000 0
26.55 8 10000 0
26.6 8 10000 0
26.65 8 10000 0
26.7 8 10000 0
26.75 8 10000 0
26.8 8 10000 0
26.85 8 10000 0
26.9 8 10000 0
26.95 8 10000 0
27 8 10000 0
27.05 8 10000 0
27.1 8 10000 0
27.15 8 10000 0
27.2 8 10000 0
27.25 8 10000 0
27.3 8 10000 0
27.35 8 10000 0
27.4 8 10000 0
27.45 8 10000 0
27.5 8 10000 0
27.55 8 10000 0
27.6 8 10000 0
27.65 8 10000 0
27.7 8 10000 0
27.75 8 10000 0
27.8 8 10000 0
27.85 8 10000 0
27.9 8 10000 0
27.95 8 10000 0
28 8 10000 0
28.05 8 10000 0
28.1 8 10000 0
28.15 8 10000 0
28.2 8 10000 0
28.25 8 10000 0
28.3 8 10000 0
28.35 8 10000 0
28.4 8 10000 0
28.45 8 10000 0
28.5 8 10000 0
28.55 8 10000 0
28.6 8 10000 0
28.65 8 10000 0
28.7 8 10000 0
28.75 8 10000 0
28.8 8 10000 0
28.85 8 10000 0
28.9 8 10000 0
28.95 8 10000 0
29 8 10000 0
29.05 8 10000 0
29.1 8 10000 0
29.15 8 10000 0
29.2 8 10000 0
29.25 8 10000 0
29.3 8 10000 0
29.35 8 10000 0
29.4 8 10000 0
29.45 8 10000 0
29.5 8 10000 0
29.55 8 10000 0
29.6 8 10000 0
29.65 8 10000 0
29.7 8 10000 0
29.75 8 10000 0
29.8 8 10000 0
29.85 8 10000 0
29.9 8 10000 0
29.95 8 10000 0
30 8 10000 0
-10 11 10000 0.8814
-9.95 11 10000 0.8829
-9.9 11 10000 0.8829
-9.85 11 10000 0.8808
-9.8 11 10000 0.8842
-9.75 11 10000 0.8777
-9.7 11 10000 0.879
-9.65 11 10000 0.8795
-9.6 11 10000 0.8811
-9.55 11 10000 0.8821
-9.5 11 10000 0.8694
-9.45 11 10000 0.8686
-9.4 11 10000 0.8685
-9.35 11 10000 0.8766
-9.3 11 10000 0.8671
-9.25 11 10000 0.8714
-9.2 11 10000 0.8683
-9.15 11 10000 0.8706
-9.1 11 10000 0.8679
-9.05 11 10000 0.8622
-9 11 10000 0.8618
-8.95 11 10000 0.8571
-8.9 11 10000 0.8669
-8.85 11 10000 0.8645
-8.8 11 10000 0.8589
-8.75 11 10000 0.8547
-8.7 11 10000 0.8533
-8.65 11 10000 0.8578
-8.6 11 10000 0.8536
-8.55 11 10000 0.8508
-8.5 11 10000 0.8455
-8.45 11 10000 0.8542
-8.4 11 10000 0.8405
-8.35 11 10000 0.843
-8.3 11 10000 0.8391
-8.25 11 10000 0.8394
-8.2 11 10000 0.841
-8.15 11 10000 0.8343
-8.1 11 10000 0.8388
-8.05 11 10000 0.8314
-8 11 10000 0.831
-7.95 11 10000 0.8339
-7.9 11 10000 0.8273
-7.85 11 10000 0.8275
-7.8 11 10000 0.8273
-7.75 11 10000 0.8253
-7.7 11 10000 0.8223
-7.65 11 10000 0.8166
-7.6 11 10000 0.8237
-7.55 11 10000 0.8124
-7.5 11 10000 0.8178
-7.45 11 10000 0.8147
-7.4 11 10000 0.8145
-7.35 11 10000 0.8102
-7.3 11 10000 0.81
-7.25 11 10000 0.8013
-7.2 11 10000 0.8045
-7.15 11 10000 0.795
-7.1 11 10000 0.8021
-7.05 11 10000 0.7976
-7 11 10000 0.7998
-6.95 11 10000 0.7926
-6.9 11 10000 0.7949
-6.85 11 10000 0.7839
-6.8 11 10000 0.788
-6.75 11 10000 0.7821
-6.7 11 10000 0.7901
-6.65 11 10000 0.7805
-6.6 11 10000 0.7791
-6.55 11 10000 0.7797
-6.5 11 10000 0.7782
-6.45 11 10000 0.7707
-6.4 11 10000 0.7797
-6.35 11 10000 0.7728
-6.3 11 10000 0.7629
-6.25 11 10000 0.7695
-6.2 11 10000 0.7649
-6.15 11 10000 0.7655
-6.1 11 10000 0.7616
-6.05 11 10000 0.7552
-6 11 10000 0.759
-5.95 11 10000 0.7619
-5.9 11 10000 0.7506
-5.85 11 10000 0.7431
-5.8 11 10000 0.7421
-5.75 11 10000 0.7547
-5.7 11 10000 0.734
-5.65 11 10000 0.7403
-5.6 11 10000 0.7432
-5.55 11 10000 0.732
-5.5 11 10000 0.7298
-5.45 11 10000 0.7246
-5.4 11 10000 0.7217
-5.35 11 10000 0.7254
-5.3 11 10000 0.7329
-5.25 11 10000 0.7183
-5.2 11 10000 0.7172
-5.15 11 10000 0.7136
-5.1 11 10000 0.7103
-5.05 11 10000 0.7142
-5 11 10000 0.7123
-4.95 11 10000 0.7043
-4.9 11 10000 0.6968
-4.85 11 10000 0.7061
-4.8 11 10000 0.6888
-4.75 11 10000 0.6978
-4.7 11 10000 0.6909
-4.65 11 10000 0.6815
-4.6 11 10000 0.6796
-4.55 11 10000 0.6898
-4.5 11 10000 0.6833
-4.45 11 10000 0.6765
-4.4 11 10000 0.677
-4.35 11 10000 0.6728
-4.3 11 10000 0.6678
-4.25 11 10000 0.6647
-4.2 11 10000 0.6675
-4.15 11 10000 0.6592
-4.1 11 10000 0.647
-4.05 11 10000 0.6546
-4 11 10000 0.6535
-3.95 11 10000 0.6441
-3.9 11 10000 0.6423
-3.85 11 10000 0.6462
-3.8 11 10000 0.6445
-3.75 11 10000 0.6421
-3.7 11 10000 0.6429
-3.65 11 10000 0.6276
-3.6 11 10000 0.6239
-3.55 11 10000 0.6303
-3.5 11 10000 0.6296
-3.45 11 10000 0.6247
-3.4 11 10000 0.6171
-3.35 11 10000 0.6201
-3.3 11 10000 0.6137
-3.25 11 10000 0.6035
-3.2 11 10000 0.6042
-3.15 11 10000 0.6
-3.1 11 10000 0.591
-3.05 11 10000 0.5873
-3 11 10000 0.586
-2.95 11 10000 0.594
-2.9 11 10000 0.5811
-2.85 11 10000 0.5807
-2.8 11 10000 0.5796
-2.75 11 10000 0.5794
-2.7 11 10000 0.5677
-2.65 11 10000 0.5713
-2.6 11 10000 0.5572
-2.55 11 10000 0.5653
-2.5 11 10000 0.5603
-2.45 11 10000 0.5499
-2.4 11 10000 0.5452
-2.35 11 10000 0.5496
-2.3 11 10000 0.5389
-2.25 11 10000 0.5358
-2.2 11 10000 0.5411
-2.15 11 10000 0.5308
-2.1 11 10000 0.5307
-2.05 11 10000 0.5216
-2 11 10000 0.5361
-1.95 11 10000 0.5161
-1.9 11 10000 0.5156
-1.85 11 10000 0.5149
-1.8 11 10000 0.5013
-1.75 11 10000 0.5035
-1.7 11 10000 0.4984
-1.65 11 10000 0.4946
-1.6 11 10000 0.4937
-1.55 11 10000 0.488
-1.5 11 10000 0.4865
-1.45 11 10000 0.4826
-1.4 11 10000 0.4721
-1.35 11 10000 0.4787
-1.3 11 10000 0.4694
-1.25 11 10000 0.4728
-1.2 11 10000 0.4633
-1.15 11 10000 0.4704
-1.1 11 10000 0.4547
-1.05 11 10000 0.45
-1 11 10000 0.4553
-0.95 11 10000 0.4476
-0.9 11 10000 0.4304
-0.85 11 10000 0.4423
-0.8 11 10000 0.4404
-0.75 11 10000 0.4356
-0.7 11 10000 0.4278
-0.65 11 10000 0.4238
-0.6 11 10000 0.415
-0.55 11 10000 0.4127
-0.5 11 10000 0.4122
-0.45 11 10000 0.4141
-0.4 11 10000 0.4034
-0.35 11 10000 0.4003
-0.3 11 10000 0.4021
-0.25 11 10000 0.3923
-0.2 11 10000 0.3876
-0.15 11 10000 0.3859
-0.1 11 10000 0.3819
-0.05 11 10000 0.3791
0 11 10000 0.3714
0.05 11 10000 0.3704
0.1 11 10000 0.3697
0.15 11 10000 0.3592
0.2 11 10000 0.363
0.25 11 10000 0.3631
0.3 11 10000 0.3594
0.35 11 10000 0.3525
0.4 11 10000 0.3382
0.45 11 10000 0.3467
0.5 11 10000 0.3401
0.55 11 10000 0.3352
0.6 11 10000 0.3328
0.65 11 10000 0.3219
0.7 11 10000 0.3193
0.75 11 10000 0.3243
0.8 11 10000 0.3066
0.85 11 10000 0.3169
0.9 11 10000 0.3021
0.95 11 10000 0.3067
1 11 10000 0.3006
1.05 11 10000 0.3045
1.1 11 10000 0.2938
1.15 11 10000 0.2867
1.2 11 10000 0.2848
1.25 11 10000 0.2896
1.3 11 10000 0.2893
1.35 11 10000 0.2778
1.4 11 10000 0.2773
1.45 11 10000 0.2655
1.5 11 10000 0.264
1.55 11 10000 0.2701
1.6 11 10000 0.2666
1.65 11 10000 0.262
1.7 11 10000 0.2499
1.75 11 10000 0.2563
1.8 11 10000 0.2431
1.85 11 10000 0.2426
1.9 11 10000 0.2358
1.95 11 10000 0.2412
2 11 10000 0.2385
2.05 11 10000 0.2257
2.1 11 10000 0.2264
2.15 11 10000 0.2271
2.2 11 10000 0.2202
2.25 11 10000 0.216
2.3 11 10000 0.2053
2.35 11 10000 0.2129
2.4 11 10000 0.2054
2.45 11 10000 0.2055
2.5 11 10000 0.2076
2.55 11 10000 0.2013
2.6 11 10000 0.1939
2.65 11 10000 0.1933
2.7 11 10000 0.1949
2.75 11 10000 0.1898
2.8 11 10000 0.1773
2.85 11 10000 0.1765
2.9 11 10000 0.1738
2.95 11 10000 0.1772
3 11 10000 0.1674
3.05 11 10000 0.1702
3.1 11 10000 0.1657
3.15 11 10000 0.165
3.2 11 10000 0.1663
3.25 11 10000 0.1654
3.3 11 10000 0.1551
3.35 11 10000 0.1547
3.4 11 10000 0.1526
3.45 11 10000 0.146
3.5 11 10000 0.1445
3.55 11 10000 0.1502
3.6 11 10000 0.1365
3.65 11 10000 0.1381
3.7 11 10000 0.1359
3.75 11 10000 0.14
3.8 11 10000 0.1341
3.85 11 10000 0.1345
3.9 11 10000 0.1248
3.95 11 10000 0.1269
4 11 10000 0.1207
4.05 11 10000 0.1156
4.1 11 10000 0.1154
4.15 11 10000 0.1133
4.2 11 10000 0.1117
4.25 11 10000 0.1059
4.3 11 10000 0.1054
4.35 11 10000 0.1063
4.4 11 10000 0.1006
4.45 11 10000 0.1038
4.5 11 10000 0.1033
4.55 11 10000 0.0963
4.6 11 10000 0.0973
4.65 11 10000 0.0893
4.7 11 10000 0.0966
4.75 11 10000 0.089
4.8 11 10000 0.0889
4.85 11 10000 0.0899
4.9 11 10000 0.0828
4.95 11 10000 0.076
5 11 10000 0.0824
5.05 11 10000 0.0763
5.1 11 10000 0.0784
5.15 11 10000 0.0721
5.2 11 10000 0.0768
5.25 11 10000 0.0706
5.3 11 10000 0.0696
5.35 11 10000 0.0736
5.4 11 10000 0.0671
5.45 11 10000 0.0656
5.5 11 10000 0.065
5.55 11 10000 0.0657
5.6 11 10000 0.0613
5.65 11 10000 0.0592
5.7 11 10000 0.0578
5.75 11 10000 0.0589
5.8 11 10000 0.0564
5.85 11 10000 0.0488
5.9 11 10000 0.0528
5.95 11 10000 0.0513
6 11 10000 0.05
6.05 11 10000 0.0519
6.1 11 10000 0.0491
6.15 11 10000 0.0448
6.2 11 10000 0.0437
6.25 11 10000 0.044
6.3 11 10000 0.0434
6.35 11 10000 0.0431
6.4 11 10000 0.0413
6.45 11 10000 0.0359
6.5 11 10000 0.0356
6.55 11 10000 0.0376
6.6 11 10000 0.0329
6.65 11 10000 0.0352
6.7 11 10000 0.0337
6.75 11 10000 0.0334
6.8 11 10000 0.0328
6.85 11 10000 0.0285
6.9 11 10000 0.0297
6.95 11 10000 0.0335
7 11 10000 0.0286
7.05 11 10000 0.0302
7.1 11 10000 0.0276
7.15 11 10000 0.026
7.2 11 10000 0.0258
7.25 11 10000 0.0262
7.3 11 10000 0.0251
7.35 11 10000 0.0223
7.4 11 10000 0.0221
7.45 11 10000 0.0227
7.5 11 10000 0.0214
7.55 11 10000 0.0202
7.6 11 10000 0.0215
7.65 11 10000 0.0188
7.7 11 10000 0.0196
7.75 11 10000 0.017
7.8 11 10000 0.0183
7.85 11 10000 0.0152
7.9 11 10000 0.0166
7.95 11 10000 0.0146
8 11 10000 0.0147
8.05 11 10000 0.016
8.1 11 10000 0.0147
8.15 11 10000 0.0162
8.2 11 10000 0.0157
8.25 11 10000 0.0123
8.3 11 10000 0.0142
8.35 11 10000 0.0116
8.4 11 10000 0.013
8.45 11 10000 0.0119
8.5 11 10000 0.0111
8.55 11 10000 0.0111
8.6 11 10000 0.0105
8.65 11 10000 0.0109
8.7 11 10000 0.0094
8.75 11 10000 0.0105
8.8 11 10000 0.0108
8.85 11 10000 0.0085
8.9 11 10000 0.0071
8.95 11 10000 0.0079
9 11 10000 0.0079
9.05 11 10000 0.0086
9.1 11 10000 0.0089
9.15 11 10000 0.0075
9.2 11 10000 0.0079
9.25 11 10000 0.0088
9.3 11 10000 0.0061
9.35 11 10000 0.0066
9.4 11 10000 0.0059
9.45 11 10000 0.0064
9.5 11 10000 0.0051
9.55 11 10000 0.0047
9.6 11 10000 0.0048
9.65 11 10000 0.0052
9.7 11 10000 0.0042
9.75 11 10000 0.0044
9.8 11 10000 0.0038
9.85 11 10000 0.0037
9.9 11 10000 0.0046
9.95 11 10000 0.0048
10 11 10000 0.0032
10.05 11 10000 0.0035
10.1 11 10000 0.0038
10.15 11 10000 0.0035
10.2 11 10000 0.0035
10.25 11 10000 0.0036
10.3 11 10000 0.0036
10.35 11 10000 0.0033
10.4 11 10000 0.0026
10.45 11 10000 0.0021
10.5 11 10000 0.0029
10.55 11 10000 0.0021
10.6 11 10000 0.0014
10.65 11 10000 0.0021
10.7 11 10000 0.0019
10.75 11 10000 0.0025
10.8 11 10000 0.0016
10.85 11 10000 0.0019
10.9 11 10000 0.0015
10.95 11 10000 0.0015
11 11 10000 0.0013
11.05 11 10000 0.0016
11.1 11 10000 0.0015
11.15 11 10000 0.0011
11.2 11 10000 0.0012
11.25 11 10000 0.0013
11.3 11 10000 0.0013
11.35 11 10000 0.0006
11.4 11 10000 0.0007
11.45 11 10000 0.0005
11.5 11 10000 0.0012
11.55 11 10000 0.0009
11.6 11 10000 0.0005
11.65 11 10000 0.0014
11.7 11 10000 0.0011
11.75 11 10000 0.0009
11.8 11 10000 0.0007
11.85 11 10000 0.0006
11.9 11 10000 0.0007
11.95 11 10000 0.0006
12 11 10000 0.0005
12.05 11 10000 0.0009
12.1 11 10000 0.0002
12.15 11 10000 0.0005
12.2 11 10000 0.0007
12.25 11 10000 0.0006
12.3 11 10000 0.0004
12.35 11 10000 0.0004
12.4 11 10000 0.0003
12.45 11 10000 0.0003
12.5 11 10000 0.0001
12.55 11 10000 0.0006
12.6 11 10000 0.0004
12.65 11 10000 0.0002
12.7 11 10000 0.0007
12.75 11 10000 0.0001
12.8 11 10000 0.0003
12.85 11 10000 0.0004
12.9 11 10000 0
12.95 11 10000 0.0002
13 11 10000 0.0003
13.05 11 10000 0.0002
13.1 11 10000 0.0003
13.15 11 10000 0.0001
13.2 11 10000 0.0002
13.25 11 10000 0.0002
13.3 11 10000 0.0003
13.35 11 10000 0
13.4 11 10000 0.0001
13.45 11 10000 0
13.5 11 10000 0.0001
13.55 11 10000 0
13.6 11 10000 0
13.65 11 10000 0.0002
13.7 11 10000 0.0003
13.75 11 10000 0.0001
13.8 11 10000 0
13.85 11 10000 0
13.9 11 10000 0.0001
13.95 11 10000 0.0002
14 11 10000 0.0002
14.05 11 10000 0
14.1 11 10000 0
14.15 11 10000 0.0001
14.2 11 10000 0
14.25 11 10000 0
14.3 11 10000 0.0001
14.35 11 10000 0.0001
14.4 11 10000 0
14.45 11 10000 0.0001
14.5 11 10000 0
14.55 11 10000 0
14.6 11 10000 0
14.65 11 10000 0
14.7 11 10000 0.0001
14.75 11 10000 0.0002
14.8 11 10000 0
14.85 11 10000 0
14.9 11 10000 0
14.95 11 10000 0
15 11 10000 0
15.05 11 10000 0
15.1 11 10000 0
15.15 11 10000 0
15.2 11 10000 0
15.25 11 10000 0
15.3 11 10000 0
15.35 11 10000 0
15.4 11 10000 0
15.45 11 10000 0
15.5 11 10000 0
15.55 11 10000 0
15.6 11 10000 0
15.65 11 10000 0
15.7 11 10000 0
15.75 11 10000 0
15.8 11 10000 0
15.85 11 10000 0
15.9 11 10000 0
15.95 11 10000 0
16 11 10000 0
16.05 11 10000 0
16.1 11 10000 0
16.15 11 10000 0
16.2 11 10000 0
16.25 11 10000 0
16.3 11 10000 0
16.35 11 10000 0
16.4 11 10000 0
16.45 11 10000 0
16.5 11 10000 0
16.55 11 10000 0
16.6 11 10000 0
16.65 11 10000 0
16.7 11 10000 0
16.75 11 10000 0
16.8 11 10000 0
16.85 11 10000 0
16.9 11 10000 0
16.95 11 10000 0
17 11 10000 0
17.05 11 10000 0
17.1 11 10000 0
17.15 11 10000 0
17.2 11 10000 0
17.25 11 10000 0
17.3 11 10000 0
17.35 11 10000 0
17.4 11 10000 0
17.45 11 10000 0
17.5 11 10000 0
17.55 11 10000 0
17.6 11 10000 0
17.65 11 10000 0
17.7 11 10000 0
17.75 11 10000 0
17.8 11 10000 0
17.85 11 10000 0
17.9 11 10000 0
17.95 11 10000 0
18 11 10000 0
18.05 11 10000 0
18.1 11 10000 0
18.15 11 10000 0
18.2 11 10000 0
18.25 11 10000 0
18.3 11 10000 0
18.35 11 10000 0
18.4 11 10000 0
18.45 11 10000 0
18.5 11 10000 0
18.55 11 10000 0
18.6 11 10000 0
18.65 11 10000 0
18.7 11 10000 0
18.75 11 10000 0
18.8 11 10000 0
18.85 11 10000 0
18.9 11 10000 0
18.95 11 10000 0
19 11 10000 0
19.05 11 10000 0
19.1 11 10000 0
19.15 11 10000 0
19.2 11 10000 0
19.25 11 10000 0
19.3 11 10000 0
19.35 11 10000 0
19.4 11 10000 0
19.45 11 10000 0
19.5 11 10000 0
19.55 11 10000 0
19.6 11 10000 0
19.65 11 10000 0
19.7 11 10000 0
19.75 11 10000 0
19.8 11 10000 0
19.85 11 10000 0
19.9 11 10000 0
19.95 11 10000 0
20 11 10000 0
20.05 11 10000 0
20.1 11 10000 0
20.15 11 10000 0
20.2 11 10000 0
20.25 11 10000 0
20.3 11 10000 0
20.35 11 10000 0
20.4 11 10000 0
20.45 11 10000 0
20.5 11 10000 0
20.55 11 10000 0
20.6 11 10000 0
20.65 11 10000 0
20.7 11 10000 0
20.75 11 10000 0
20.8 11 10000 0
20.85 11 10000 0
20.9 11 10000 0
20.95 11 10000 0
21 11 10000 0
21.05 11 10000 0
21.1 11 10000 0
21.15 11 10000 0
21.2 11 10000 0
21.25 11 10000 0
21.3 11 10000 0
21.35 11 10000 0
21.4 11 10000 0
21.45 11 10000 0
21.5 11 10000 0
21.55 11 10000 0
21.6 11 10000 0
21.65 11 10000 0
21.7 11 10000 0
21.75 11 10000 0
21.8 11 10000 0
21.85 11 10000 0
21.9 11 10000 0
21.95 11 10000 0
22 11 10000 0
22.05 11 10000 0
22.1 11 10000 0
22.15 11 10000 0
22.2 11 10000 0
22.25 11 10000 0
22.3 11 10000 0
22.35 11 10000 0
22.4 11 10000 0
22.45 11 10000 0
22.5 11 10000 0
22.55 11 10000 0
22.6 11 10000 0
22.65 11 10000 0
22.7 11 10000 0
22.75 11 10000 0
22.8 11 10000 0
22.85 11 10000 0
22.9 11 10000 0
22.95 11 10000 0
23 11 10000 0
23.05 11 10000 0
23.1 11 10000 0
23.15 11 10000 0
23.2 11 10000 0
23.25 11 10000 0
23.3 11 10000 0
23.35 11 10000 0
23.4 11 10000 0
23.45 11 10000 0
23.5 11 10000 0
23.55 11 10000 0
23.6 11 10000 0
23.65 11 10000 0
23.7 11 10000 0
23.75 11 10000 0
23.8 11 10000 0
23.85 11 10000 0
23.9 11 10000 0
23.95 11 10000 0
24 11 10000 0
24.05 11 10000 0
24.1 11 10000 0
24.15 11 10000 0
24.2 11 10000 0
24.25 11 10000 0
24.3 11 10000 0
24.35 11 10000 0
24.4 11 10000 0
24.45 11 10000 0
24.5 11 10000 0
24.55 11 10000 0
24.6 11 10000 0
24.65 11 10000 0
24.7 11 10000 0
24.75 11 10000 0
24.8 11 10000 0
24.85 11 10000 0
24.9 11 10000 0
24.95 11 10000 0
25 11 10000 0
25.05 11 10000 0
25.1 11 10000 0
25.15 11 10000 0
25.2 11 10000 0
25.25 11 10000 0
25.3 11 10000 0
25.35 11 10000 0
25.4 11 10000 0
25.45 11 10000 0
25.5 11 10000 0
25.55 11 10000 0
25.6 11 10000 0
25.65 11 10000 0
25.7 11 10000 0
25.75 11 10000 0
25.8 11 10000 0
25.85 11 10000 0
25.9 11 10000 0
25.95 11 10000 0
26 11 10000 0
26.05 11 10000 0
26.1 11 10000 0
26.15 11 10000 0
26.2 11 10000 0
26.25 11 10000 0
26.3 11 10000 0
26.35 11 10000 0
26.4 11 10000 0
26.45 11 10000 0
26.5 11 10000 0
26.55 11 10000 0
26.6 11 10000 0
26.65 11 10000 0
26.7 11 10000 0
26.75 11 10000 0
26.8 11 10000 0
26.85 11 10000 0
26.9 11 10000 0
26.95 11 10000 0
27 11 10000 0
27.05 11 10000 0
27.1 11 10000 0
27.15 11 10000 0
27.2 11 10000 0
27.25 11 10000 0
27.3 11 10000 0
27.35 11 10000 0
27.4 11 10000 0
27.45 11 10000 0
27.5 11 10000 0
27.55 11 10000 0
27.6 11 10000 0
27.65 11 10000 0
27.7 11 10000 0
27.75 11 10000 0
27.8 11 10000 0
27.85 11 10000 0
27.9 11 10000 0
27.95 11 10000 0
28 11 10000 0
28.05 11 10000 0
28.1 11 10000 0
28.15 11 10000 0
28.2 11 10000 0
28.25 11 10000 0
28.3 11 10000 0
28.35 11 10000 0
28.4 11 10000 0
28.45 11 10000 0
28.5 11 10000 0
28.55 11 10000 0
28.6 11 10000 0
28.65 11 10000 0
28.7 11 10000 0
28.75 11 10000 0
28.8 11 10000 0
28.85 11 10000 0
28.9 11 10000 0
28.95 11 10000 0
29 11 10000 0
29.05 11 10000 0
29.1 11 10000 0
29.15 11 10000 0
29.2 11 10000 0
29.25 11 10000 0
29.3 11 10000 0
29.35 11 10000 0
29.4 11 10000 0
29.45 11 10000 0
29.5 11 10000 0
29.55 11 10000 0
29.6 11 10000 0
29.65 11 10000 0
29.7 11 10000 0
29.75 11 10000 0
29.8 11 10000 0
29.85 11 10000 0
29.9 11 10000 0
29.95 11 10000 0
30 11 10000 0
